TM	PITCHERS	IP	SO vlhp	BB vlhp	HIT v lhp	OB v lhp	TB v lhp	HR v lhp	BP v lhp	DP vlhp	SO v rhp	BB v rhp	HIT v rhp	OB v rhp	TB v rhp	HR v rhp	BP v rhp	DP v rhp	HO	ENDURANCE	FIELD	BK	WP	BAT-B	STL	SPD
BOA	"Abad,F*"	44	38	6	12.7	18.7	20.8	2.2	5	5	9	7	16.2	23.2	24.4	0.2	0	8	9	R(1) C(0)	3- 0	7	0	1WL-C	E	10
CIN	"Adleman,T"	122	13	12	17.2	29.2	47.2	7.5	8	4	27	12	19.2	31.2	40.1	3	5	8	0	S(5) R(3)	3- 0	3	1	1WR-D	E	10
SEA	"Albers,A*"	41	34	0	27.5	27.5	81.9	15.8	8	0	19	5	19.7	24.7	22.5	0	0	3	-3	S(5) R(3) C(0)	3- 0	0	5	3WR-B	E	10
WAN	"Albers,M"	61	27	10	2.2	12.2	7.1	1.2	1*	11	41	6	1.5	7.5	5.7	1.4	2*	10	0	R(1) C(1)	4- 0	0	0	1WL-C	E	10
KCA	"Alexander,S*"	69	29	15	18.5	33.5	25.3	0	0	10	20	11	15.6	26.6	17	0	0	12	0	R(2) C(3)	2-42	0	9	1WL-C	E	10
CLA	"Allen,C"	67	55	8	8.7	16.7	9.1	0	0	0	39	7	10.8	17.8	26.5	4	7	0	8	R(1) C(6)	4- 0	0	20	1WR-C	E	10
SEA	"Altavilla,D"	47	28	0	22.8	22.8	36.8	1.2	2	4	35	20	9	29	26	4.6	8*	4	8	R(2)	4- 0	0	20	1WR-C	E	10
TBA	"Alvarado,J*"	30	14	7	22.2	29.2	35.5	0	0	0	41	3	6.9	9.9	12.5	0	0	0	2	R(1)	4- 0	0	15	1WL-C	E	10
LAA	"Alvarez,J*"	49	26	0	18.6	18.6	41.8	4.1	7	6	24	0	27.1	27.1	28.9	0.6	1	7	-2	R(1) C(0)	2- 0	0	4	1WL-C	E	10
TOA	"Anderson,B*"	55	4	11	44.6	55.6	65.7	0	0	11	10	9	28.3	37.3	46.9	1.2	1	10	4	S(5)	3-26	0	7	1WL-C	E	10
MLN	"Anderson,C"	141	33	5	7.5	12.5	12.6	0.8	0	6	23	8	10.3	18.4	22.9	1.8	2	6	1	S(6)	2-10	0	0	2WR-D	E	14
CON	"Anderson,T*"	86	31	1	11.6	12.6	31.8	4.8	8	5	23	9	22.8	31.8	43.7	3.2	4	6	1	S(6) R(4)	2-33	9	15	1WL-B	E	10
TBA	"Andriese,M"	86	24	8	12.3	20.3	18.4	1	1	8	18	7	26.7	33.7	55	5.5	8	8	1	S(5) R(3) C(0)	4- 0	8	7	1WR-C	E	10
TBA	"Archer,C"	201	38	8	20.7	28.7	33.5	2	3	3	38	5	15.3	20.3	25.9	1.8	3	5	-2	S(6*)	4- 7	0	16	2WR-D	E	10
CHN	"Arrieta,J"	168	31	10	19.1	29.1	40.3	3.2	6	4	23	6	10.7	16.7	18.6	1.4	2	4	6	S(6)	2-17	0	19	6NR-B	E	14
CIN	"Arroyo,B"	71	12	6	26.3	32.3	82.6	15	8*	2	3	1	35.9	36.9	65.8	4.5	7	0	-1	S(5)	2- 0	0	2	2WR-B	E	10
BAA	"Asher,A"	60	27	11	15.3	26.3	25.8	0.8	1	7	6	6	20.6	26.6	37.4	4.5	6	7	5	S(5) R(3)	5- 0	0	14	1WR-C	E	10
LAN	"Avilan,L*"	46	39	16	9.9	26	14	0	0	2	29	11	23.2	34.2	40.8	0	0	5	0	R(1)	3-31	0	4	1WL-C	E	10
LAN	"Baez,P"	64	24	11	9.9	20.9	24.2	1.6	1	0	27	14	12.4	26.4	31.7	2.8	4	0	-1	R(1)	3- 0	6	2	1WR-C	E	10
CIN	"Bailey,H"	91	8	17	22.2	39.2	35.7	0.6	0	7	15	7	36.4	43.4	54.6	2.2	4	4	3	S(6)	3-16	0	8	4WR-A	E	13
TOA	"Barnes,D"	66	34	9	3.4	12.4	4.8	0.4	0*	8	22	11	8.5	19.5	25.3	4.8	8*	8	7	R(2)	4- 0	0	3	1WL-C	E	10
MLN	"Barnes,J"	72	41	14	11.1	25.1	20.5	0	0	6	30	11	6.8	17.8	19	3.4	5	10	-1	R(1) C(1)	2-51	0	19	1WR-C	E	10
BOA	"Barnes,M"	70	32	13	16.5	29.5	28.8	2.6	6	4	41	13	7.4	20.4	11	0	0	10	4	R(1) C(0)	3- 0	0	9	1WR-C	E	10
TEA	"Barnette,T"	57	8	10	27.1	37.2	41.8	1.2	1	8	37	7	18.8	25.8	33.1	1.6	2	6	-4	R(2) C(1)	3- 0	0	15	1WR-C	E	10
MMN	"Barraclough,K"	66	37	18	5.8	23.8	7.6	0.6	1	2	33	19	17.1	36.1	18.7	0	0	0	3	R(1) C(0)	4- 0	5	20	1WR-C	E	10
CLA	"Bauer,T"	176	28	10	15.9	25.8	31.7	3	5	6	38	8	16	24	25.5	0.8	0	6	-1	S(6)	3- 8	2	3	1WR-C	E	10
CHA	"Beck,C"	65	8	32	9.4	41.5	28.6	5	8*	12	9	4	26.4	30.4	49.6	4.3	7	12	0	R(2)	2-22	0	2	1WR-C	E	10
LAA	"Bedrosian,C"	45	44	3	14.7	17.6	34.8	3.6	6	1	26	15	15.3	30.3	22	0	0	6	4	R(1) C(3)	4- 0	0	20	1WR-C	E	10
MNA	"Belisle,M"	60	35	2	4.6	6.6	13.7	2.6	5	10	20	9	14.1	23.1	25.3	1.2	1	10	3	R(1) C(3)	3- 0	6	7	1WR-C	E	10
DEA	"Bell,C*"	62	28	14	22.4	36.3	34.8	3	5	3	15	11	27.4	38.5	44.6	3.2	6	7	3	S(5) R(3)	4- 0	0	2	1WR-C	E	10
PIN	"Benoit,J"	50	23	10	13.1	23.1	29.4	2.4	3	5	24	16	9.6	25.6	21	1.8	2*	5	0	R(1) C(1)	4- 0	0	4	1WR-C	E	10
SEA	"Bergman,C"	54	10	5	24.7	29.7	36.1	3.8	7	12	6	5	26	31	46	5	8	11	-1	S(5) R(4)	3- 0	0	0	1WR-C	E	10
MNA	"Berrios,J"	146	22	17	16.1	33.2	26.8	2	3	6	31	2	14	16	22	0.6	0	5	0	S(6)	3-10	3	10	1WR-D	E	10
NYA	"Betances,D"	60	63	15	0	15	0	0	0*	0	37	41	0	41	0	0	0*	0	9	R(1) C(4)	4- 0	5	18	1WR-C	E	10
CON	"Bettis,C"	46	20	2	18	20	42.3	3.2	5	1	0	5	30.5	35.5	47	2.8	4	1	-5	S(5)	3- 0	0	14	1WR-B	E	13
TOA	"Biagini,J"	120	23	6	21.8	27.8	36.8	1.8	3	3	12	11	16.6	27.6	25.4	1.2	2	3	9	S(5) R(3) C(0)	4-24	0	10	1WR-B	E	10
TEA	"Bibens-Dirkx,A"	69	0	10	11.4	21.4	24.9	3.2	6	7	13	3	20.3	23.3	38.5	3.8	6	9	-1	S(5) R(3)	3- 0	0	9	1WR-C	E	10
SFN	"Blach,T*"	164	0	4	20.3	24.3	25.8	0	0	10	0	4	25.5	29.5	43.6	2.2	5	10	0	S(6) R(3)	2-18	0	3	7NR-A	E	14
OAA	"Blackburn,P"	59	0	12	9.6	21.6	10.3	0	0	12	0	1	25.2	26.2	36.9	2.2	3	12	-5	S(6)	2- 0	0	3	1WR-C	E	10
WAN	"Blanton,J"	44	18	5	30	35	62.1	3.6	6	6	22	3	20.7	23.7	38.7	5	8	5	9	R(1)	5- 0	0	4	1WR-C	E	10
BAA	"Bleier,R*"	63	0	0	15	15	26.6	3.2	5	12	0	0	24.4	24.4	28.2	0	0	12	2	R(2)	2-23	0	18	1WL-C	E	10
NYN	"Blevins,J*"	49	57	6	8.1	14.1	8.1	0	0	0	22	29	13.4	42.3	34.5	4.3	7*	0	-6	R(1) C(0)	3-30	0	8	1WL-C	E	10
TOA	"Bolsinger,M"	41	33	21	10.6	31.6	15.8	0.8	1	4	10	23	27.8	50.8	62	7.5	8	4	7	S(5) R(4)	5- 0	0	14	1WR-C	E	10
CIN	"Bonilla,L"	37	0	20	24.6	44.6	54.9	5.8	8	5	23	19	18.9	37.9	34.4	2.2	3	3	7	S(5) R(3)	4- 0	0	16	1WR-D	E	10
MNA	"Boshers,B*"	35	11	0	13.8	13.8	30.9	2.6	5	1	23	8	22.3	30.3	40.5	4.5	8	1	9	R(2)	4- 0	0	12	1WL-C	E	10
SLN	"Bowman,M"	59	14	2	15.5	17.5	22.6	0	0	8	21	8	13.6	21.7	22.3	1	1	8	0	R(1) C(1)	2-24	0	3	1WR-B	E	12
DEA	"Boyd,M*"	135	15	12	24.8	36.8	35.9	0	0	5	18	9	23	31.9	40.1	2.4	4	5	-5	S(5)	2-21	0	2	3WL-C	E	10
BOA	"Boyer,B"	41	17	6	40.7	46.7	48	0	0	8	16	5	25.5	30.5	36.6	0	0	12	-3	R(2)	5- 0	0	5	1WR-C	E	10
BAA	"Brach,B"	68	28	5	10.8	15.8	17.8	0	0	5	36	16	5.4	21.5	15.6	3	4	3	-5	R(1) C(4)	2- 0	6	13	1WR-C	E	10
NYN	"Bradford,C"	34	2	11	16.1	27.1	21.1	0	0	1	34	8	8.3	16.3	19.9	1.8	2*	2	-3	R(2)	4- 0	0	6	1WR-C	E	10
ARN	"Bradley,A"	73	34	11	8.8	19.8	14.5	0	0	8	37	1	6.3	7.3	11.1	0	0	8	0	R(2) C(0)	3-20	5	0	2WR-B	E	13
OAA	"Brady,M"	32	11	0	12.4	12.4	44	10	8*	7	21	0	24.5	24.5	59.6	3.4	7*	7	-2	R(3)	3- 0	0	6	1WR-C	E	10
PIN	"Brault,S*"	35	2	14	13.6	27.6	26.3	0	0	0	9	7	25.9	32.8	40.5	1.2	2	0	1	S(5) R(3) C(0)	3- 0	0	0	4WL-D	E	10
SLN	"Brebbia,J"	52	31	0	8.6	8.6	31.8	6.3	8*	0	30	0	5.1	5.1	12.2	1.2	2*	0	5	R(1)	4- 0	0	8	1WR-C	E	10
CLA	"Breslow,C*"	35	8	14	13.6	27.6	23.5	0	0*	0	11	6	31.9	37.9	50.5	2.6	4	0	4	R(1)	2- 0	0	5	1WL-C	E	10
CIN	"Brice,A"	33	17	0	13.9	13.9	41	9	8	8	18	5	26.1	31.1	32.6	1.2	1	8	9	R(2)	4- 0	0	0	1WR-C	E	10
LAA	"Bridwell,P"	121	8	9	16.6	25.6	31.3	3.2	5	6	9	1	19.6	20.6	26.9	2.4	3	7	-5	S(6)	2-24	0	7	1WR-C	E	10
BAA	"Britton,Z*"	37	25	7	19.5	26.5	32.3	0	0	12	13	15	22.6	37.6	22.6	0	0	12	1	R(1) C(5)	2-39	0	20	1WL-C	E	10
KCA	"Buchter,R*"	65	38	14	4.5	18.5	16.2	3.6	7*	1	25	10	3.3	13.3	12	2.6	5*	1	-4	R(1) C(0)	2- 0	7	0	1WL-C	E	10
SFN	"Bumgarner,M*"	111	15	0	11.3	11.3	12.9	0	0	3	27	0	14.9	14.9	34.8	3.4	8	3	0	S(6)	2- 0	0	0	7NR-C	E	10
BAA	"Bundy,D"	170	14	7	18.5	25.5	33.3	2.2	3	8	33	7	10.6	17.6	22	2.4	4	6	-1	S(6)	2- 8	0	0	1WS-C	E	10
MNA	"Busenitz,A"	32	34	1	14.1	15.1	25.8	0.8	1	11	10	13	6.4	19.5	16.2	3	4*	10	-2	R(2)	2-46	0	15	1WR-C	E	10
TEA	"Bush,M"	52	38	10	18.4	28.4	32.1	2.6	5	0	24	8	14.9	22.9	22.2	0.6	0	0	9	R(1) C(3)	2-27	0	7	1WR-C	E	10
CHN	"Butler,E"	55	7	21	8.6	29.6	15.4	0	0	6	1	12	20.4	32.3	33.3	1	1	5	-2	S(5) R(3)	3- 0	0	12	1WR-A	E	10
KCA	"Cahill,T"	84	27	22	9.6	31.6	19.3	1.6	3	6	25	12	22.8	34.8	43.8	4.8	8	5	9	S(5) R(3)	4- 0	0	20	5WR-A	E	10
SFN	"Cain,M"	124	6	13	26.9	39.9	36.7	1.2	2	8	4	4	28.8	32.8	43.8	3	7	7	8	S(5) R(3)	3-12	0	4	2WR-C	E	12
CLA	"Carrasco,C"	200	38	4	15.1	19.1	31.1	3	4	10	39	3	14.8	17.8	23.2	0	0	11	0	S(6*)	2- 0	0	11	1WR-D	E	10
TEA	"Cashner,A"	167	5	16	10.1	26.1	13.7	1.2	2	11	2	7	16.2	23.2	22.1	0	0	11	-1	S(6)	3- 0	2	13	1WR-B	E	15
OAA	"Casilla,S"	59	21	20	11.5	31.5	22	2.4	5	1	32	3	17.8	20.8	31.2	1.6	2	0	9	R(1) C(4)	5-24	0	10	1WR-C	E	10
CIN	"Castillo,L"	89	32	7	7.3	14.3	16	1.8	2	3	39	13	9.9	22.9	22.2	1.8	3	0	-1	S(6)	3- 0	5	4	1WR-C	E	10
BAA	"Castro,M"	66	0	17	15	32	28.3	3.4	5	9	13	7	8.4	15.4	15.7	0.4	0	9	2	R(2)	2- 0	0	6	1WR-C	E	10
OAA	"Castro,S"	37	33	18	4.2	22.2	14.8	3.2	6*	8	22	6	16.6	22.6	39.7	4	8*	6	9	R(2)	3-39	0	5	1WR-C	E	10
SLN	"Cecil,B*"	67	10	13	28.6	41.6	50.4	1.8	2	5	39	0	11.8	11.8	19.6	1.2	2	4	3	R(1) C(0)	2-22	0	10	1WR-C	E	10
NYA	"Cessa,L"	36	9	16	10.4	26.4	15.4	0	0	1	22	14	21.4	35.4	49.9	5.8	8	2	1	S(5) R(3)	3- 0	0	11	1WR-C	E	10
SDN	"Chacin,J"	180	14	15	13.3	28.3	24.9	2	4	6	28	6	10.6	16.6	15.6	0.6	0	6	-2	S(6)	2- 8	2	8	3WR-A	D	13
ARN	"Chafin,A*"	51	31	7	10.5	17.5	11.3	0	0	1	42	11	15.6	26.6	29.1	2	2	0	-4	R(1)	4- 0	8	3	1WR-C	E	10
NYA	"Chapman,A*"	50	60	5	7.4	12.4	7.4	0	0	0	43	12	9.9	21.9	16.9	0	0	0	9	R(1) C(5)	4- 0	0	20	1WL-C	E	10
CON	"Chatwood,T"	148	20	21	16.8	37.8	30	2	3	11	15	13	13.2	26.2	30.3	2	2	13	-1	S(5) R(3) C(0)	1- 0	5	18	2WR-A	E	14
LAA	"Chavez,J"	138	23	2	22.1	24.1	36	2.8	5	9	18	11	20.4	31.4	39.9	4.3	8	9	-1	S(6) R(3)	3- 0	0	1	1WR-B	E	10
MMN	"Chen,W*"	33	4	4	14.4	18.4	22.4	0	0	0	18	7	9.2	16.2	23	1.8	4	0	-2	S(5) R(3)	2- 0	0	6	1WR-C	E	10
LAN	"Cingrani,T*"	43	43	0	17.6	17.6	51.9	10	8	0	35	13	14.7	27.7	30.4	2.6	5	0	-4	R(1)	3- 0	0	20	1WL-C	E	10
TBA	"Cishek,S"	45	22	10	10.3	20.3	10.3	0	0	12	32	7	0.4	7.4	0.4	0	0*	12	-3	R(1) C(0)	3-51	10	16	1WR-C	E	10
TEA	"Claudio,A*"	83	26	0	0.4	0.4	0.4	0	0*	12	10	0	20.8	20.8	24.6	0	0	12	-6	R(2) C(4)	2- 0	16	0	1WL-C	E	10
CLA	"Clevinger,M"	122	33	14	14.9	28.9	32.4	3	5*	5	37	19	3	22	5.8	0	0*	5	-2	S(6) R(3)	2-24	0	5	1WR-C	E	10
HOA	"Clippard,T"	60	40	15	10.2	25.2	26.8	2.4	3*	0	35	18	7.3	25.3	19.7	2.6	4*	0	9	R(1) C(2)	3-48	0	20	1WR-C	E	10
TBA	"Cobb,A"	179	20	10	14	24	25.7	1.2	1	10	10	0	25.1	25.1	34.6	1.8	4	10	0	S(6)	1-24	2	10	1WR-D	E	10
WAN	"Cole,A"	52	17	21	19.9	41	37.4	4.4	8	0	21	14	9.3	23.3	16.6	0.6	0	1	4	S(6) R(4)	4- 0	6	8	1WR-D	E	10
PIN	"Cole,G"	203	26	3	17.9	20.9	34.6	3.4	5	5	25	7	13.4	20.5	23.5	1.8	3	6	3	S(6*)	2-14	0	7	6NR-A	E	10
TBA	"Colome,A"	67	26	10	14.4	24.5	18.6	0	0	6	22	0	18.5	18.5	26.5	0	0	6	-4	R(1) C(6)	3- 0	0	13	1WR-C	E	10
MNA	"Colon,B"	143	7	4	27.9	31.9	50.8	3.2	6	4	6	2	32	34	55.5	3	5	3	-2	S(5)	3-20	3	0	1WR-D	E	12
MMN	"Conley,A*"	103	6	0	23	23	51.4	6.5	8	7	13	13	23.9	36.8	39.7	3	5	8	-2	S(5) R(3)	4- 0	0	10	1WL-A	E	10
ARN	"Corbin,P*"	190	42	4	9.1	13.1	23.2	2.8	4	4	19	5	23.3	28.3	40.5	2	2	5	-3	S(6)	2- 0	0	11	1WL-A	E	14
OAA	"Cotton,J"	129	16	16	11.9	27.9	29.5	5.5	8	5	20	9	17.3	26.3	38.6	3.6	7	4	0	S(5)	4- 0	6	15	1WR-C	E	10
OAA	"Coulombe,D*"	52	14	12	9.3	21.3	13.8	0	0	9	19	12	18.5	30.5	42.1	1.8	3*	9	-4	R(1)	2-28	0	20	1WL-C	E	10
CHA	"Covey,D"	70	11	10	17	27	41.8	5.5	8	11	1	19	25.8	44.8	54.3	7	8	8	9	S(5) R(3)	3- 0	4	18	1WR-C	E	10
SFN	"Crick,K"	32	2	0	8.6	8.6	20.6	0	0	8	33	30	3	33	4.8	0	0*	8	-3	R(2)	2-44	0	20	1WL-C	E	10
SFN	"Cueto,J"	147	23	7	22.8	29.8	41.2	2	5	4	21	10	19.3	29.3	33.2	2.8	6	3	-1	S(6)	3- 0	3	5	1WR-D	E	13
LAN	"Darvish,Y"	187	37	7	13.9	20.9	28.4	3	5	5	36	8	8.3	16.3	17.8	1.6	2*	5	5	S(6)	4- 8	2	15	1WR-C	E	10
MLN	"Davies,Z"	191	16	8	19.5	27.5	32.7	2.2	1	8	4	2	27.7	29.7	33.2	0	0	8	-3	S(6*)	2- 0	0	1	1WR-A	E	14
CHN	"Davis,W"	59	51	14	4.3	18.3	7.3	0	0*	8	45	17	5.9	22.9	16.5	2.8	4*	6	2	R(1) C(6)	3- 0	0	20	1WR-C	E	10
ARN	"De La Rosa,J*"	51	31	4	8.4	12.4	16.1	0.2	0*	10	17	12	14.7	26.7	27.5	3.4	5	10	5	R(1)	3- 0	0	20	1WL-B	E	13
NYN	"deGrom,J"	201	33	6	13.5	19.5	22	1.8	2	7	41	5	10.1	15.1	20.8	3	5	5	1	S(6*)	3- 7	0	7	3NL-A	D	13
ARN	"Delgado,R"	63	31	0	8.7	8.7	20.6	2.2	4	6	23	7	21	28	34.5	0	0	6	3	S(5) R(3) C(0)	4- 0	0	3	1WR-B	E	10
MMN	"Despaigne,O"	58	2	12	26.4	38.4	33.9	0	0	3	5	10	11.6	21.6	15.4	0	0	3	0	S(6) R(3) C(0)	3- 0	0	3	1WR-D	E	10
HOA	"Devenski,C"	81	63	4	1.2	5.2	4.8	1.2	1*	6	29	10	13.8	23.8	35	3.2	5*	4	9	R(2) C(2)	5- 0	0	5	1WR-C	E	10
SEA	"Diaz,E"	66	49	19	3.4	22.4	10.6	2.4	4*	0	46	12	4.2	16.1	11.9	2.4	4*	0	9	R(1) C(6)	3-22	5	10	1WR-C	E	10
TBA	"Diaz,J"	30	31	5	27	32	56.2	8	8	0	18	17	18.2	35.2	32.4	0	0	0	6	R(1)	4- 0	0	20	1WR-C	E	10
SDN	"Diaz,M"	42	0	10	29.4	39.4	86.1	16.5	8	6	25	27	8.9	35.8	22.5	1.8	2*	7	-2	S(5) R(3)	3-34	9	20	1WR-B	E	10
ATN	"Dickey,R"	190	11	6	15.4	21.4	30.3	1.6	1	8	15	11	23.1	34.1	38.6	2.4	3	8	-5	S(6)	1-15	4	15	2WR-B	E	12
WAN	"Doolittle,S*"	51	45	2	0	2	0	0	0*	4	46	1	8.1	9.1	15.6	2.2	3	2	1	R(1) C(6)	4- 0	0	14	1WL-C	E	10
MLN	"Drake,O"	56	33	7	19.9	26.9	28.1	0.4	0	2	23	18	27.3	45.3	53.3	2.2	4	0	-3	R(1) C(0)	4- 0	7	11	1WR-C	E	10
CHN	"Duensing,B*"	62	26	2	22.5	24.5	33	0.8	2	7	28	8	15.6	23.6	22.1	1.6	1	8	2	R(2)	3- 0	0	7	1WL-C	E	10
MNA	"Duffey,T"	71	27	0	15.1	15.1	29.9	4.8	8	0	22	2	28.8	30.8	31.8	0	0	0	-1	R(2) C(0)	3-20	0	12	1WR-C	E	10
KCA	"Duffy,D*"	146	30	1	4.2	5.2	8.4	1.4	2	9	23	6	23	29.1	34.8	0.6	1	9	-5	S(6)	4- 0	6	2	3WL-C	E	10
OAA	"Dull,R"	42	26	20	19.8	39.8	32.4	2.2	4	1	36	5	5.2	10.1	16.5	3.6	6	7	2	R(1)	2- 0	0	20	1WR-C	E	10
CON	"Dunn,M*"	50	32	23	11.4	34.4	24.2	3.2	4	0	29	16	11.9	27.9	25.3	2.4	3*	0	2	R(1)	3- 0	0	17	1WL-C	E	10
SFN	"Dyson,S"	55	0	20	15	35	33.3	3.8	7	4	13	4	29.8	33.8	43	0.6	1	4	9	R(1) C(4)	5- 0	5	7	1WR-C	E	10
NYN	"Edgin,J*"	37	19	11	21.3	32.3	30.1	1.8	2	8	4	18	16.6	34.7	28.1	0	0	8	-3	R(1) C(0)	3- 0	10	5	1WR-C	E	10
CHN	"Edwards,C"	66	63	14	0	14	0	0	0*	1	43	29	2.5	31.5	9.3	2.3	2*	0	3	R(1)	3- 0	0	14	1WR-C	E	13
PHN	"Eflin,Z"	64	7	3	26	29	50.7	6.8	8	6	2	0	31.8	31.8	51	3.6	4	7	-5	S(5)	2-22	0	6	2WR-C	E	10
PHN	"Eickhoff,J"	128	20	10	28.2	38.2	47.2	2.6	3	0	25	11	17	28	23.3	0.4	0	0	4	S(6)	3-11	2	9	2WR-D	E	10
MMN	"Ellington,B"	45	20	36	13.4	49.3	27.5	1.2	3*	1	26	17	21.9	38.8	38.3	3	5	0	1	R(2)	3- 0	0	17	1WR-C	E	10
CON	"Estevez,C"	32	10	5	36.6	41.6	42.1	0	0	3	30	12	18.5	30.5	30.3	2.4	3	1	-3	R(2)	3- 0	12	6	1WR-C	E	10
TOA	"Estrada,M"	186	25	4	11.3	15.3	27.9	3.2	5*	0	23	16	20.9	36.9	39.3	2.2	4	0	-2	S(6)	3- 8	0	0	1WR-C	E	10
TBA	"Faria,J"	87	21	28	0.7	28.7	0.7	0	0	2	29	2	18.6	20.6	34.4	2.6	5	5	-3	S(6) R(3)	2- 0	0	16	1WR-C	E	10
DEA	"Farmer,B"	48	16	18	20.8	38.8	35.3	3	5	4	34	4	22.1	26.1	37.8	3	5	3	-6	S(5)	3- 0	0	3	1WL-C	E	10
CHA	"Farquhar,D"	49	31	18	3.8	21.8	3.8	0	0	2	21	16	17.7	33.7	25	0	0	1	-3	R(1) C(0)	3-28	0	17	1WR-C	E	10
CIN	"Feldman,S"	111	16	7	23.3	30.3	42.9	4.5	6	9	23	6	21.4	27.4	36.3	2.8	4	8	8	S(5)	3- 0	0	5	1WL-B	E	10
HOA	"Feliz,M"	48	38	8	24.9	32.8	50.5	0.8	1	0	32	15	20.2	35.2	41.1	3.4	5	0	-3	R(1)	3-30	0	20	1WR-C	E	10
KCA	"Feliz,N"	46	28	14	14.5	28.5	36.3	3.8	6*	10	10	16	11.1	27.1	29.5	3.6	6*	13	0	R(1) C(4)	2-31	0	4	1WR-C	E	10
LAN	"Fields,J"	57	27	5	11.8	16.8	36.3	6.8	8*	3	39	6	3.6	9.6	10.8	1.8	3*	2	-4	R(1) C(1)	3- 0	8	3	1WR-C	E	10
HOA	"Fiers,M"	153	22	14	16.7	30.7	31.7	3.6	5	9	23	9	20.9	29.9	35.6	3.6	7	4	6	S(5)	3-19	2	15	1WR-C	E	12
BOA	"Fister,D"	90	22	13	24.8	37.8	37.8	1.6	4	0	24	9	9.2	18.2	15.9	0	0	0	-3	S(5) R(3)	2-16	5	4	1WL-D	E	13
NYN	"Flexen,C"	48	7	31	14.1	45.2	28.1	2.6	4	3	11	18	30.8	48.8	54.4	5.8	8	4	1	S(5) R(3)	2- 0	0	3	2WR-C	E	10
ATN	"Foltynewicz,M"	154	20	10	26	36	41.3	2.4	2	0	25	9	17.1	26	29.1	1.6	1	0	-1	S(6)	4-10	0	5	1WR-B	E	10
CON	"Freeland,K*"	156	35	4	26.8	30.8	41.9	2	2	4	4	12	23.4	35.4	33.7	1.2	1	8	0	S(6) R(3)	2-28	5	0	6NL-D	E	12
ATN	"Freeman,S*"	60	31	5	7.2	12.1	7.2	0	0	10	24	19	12.1	31	12.7	0	0	8	-2	R(1)	3- 0	0	7	1WR-C	E	10
DEA	"Fulmer,M"	165	18	3	21.9	24.9	26.1	0	0	11	10	5	12.9	17.9	16.4	0.6	1	11	-3	S(7)	4- 8	2	3	1WR-D	E	10
SEA	"Gallardo,Y"	131	14	15	16.8	31.8	31.1	2.4	3	6	11	10	22	32	38	3.8	7	6	0	S(5) R(4) C(0)	4- 0	0	11	3WR-C	E	10
NYA	"Garcia,Jai*"	157	30	1	19.8	20.8	34	2.2	2	12	15	13	18.5	31.5	33.3	1.6	1	12	7	S(6)	2-18	6	11	6NL-B	E	13
MMN	"Garcia,Jar*"	53	20	4	11.3	15.3	22.1	2	3	0	13	12	21	33	35	1.6	2	0	-2	R(1)	3- 0	0	20	1WL-C	E	10
PHN	"Garcia,L"	71	10	5	24.5	29.5	28.9	0	0	10	31	9	5.3	14.4	5.3	0	0	10	2	R(2) C(1)	5- 0	0	20	1WR-C	E	10
CIN	"Garrett,A*"	71	23	15	24	39	53.2	9.8	8	2	17	17	15.4	32.4	45.3	8	8	3	1	S(5) R(3)	1-40	0	2	1WR-D	E	10
MLN	"Garza,M"	115	4	13	17.3	30.3	34.8	3.4	3	8	18	5	22.4	27.4	37.8	1.6	2	7	4	S(5) R(3)	4-26	0	7	1WR-D	E	12
BAA	"Gausman,K"	187	24	16	19	35	30	2.2	2	9	24	6	24.3	30.3	38.3	2.4	3	9	0	S(6*)	4- 8	2	9	1WL-C	E	10
KCA	"Gaviglio,S"	74	12	10	16.8	26.8	38.6	3.6	7	11	10	8	21.8	29.8	42	4.8	8	12	9	S(5) R(3)	4-19	9	2	1WR-D	E	10
SFN	"Gearrin,C"	68	8	23	6.8	29.8	12	0	0*	12	36	12	8.9	20.9	15.7	0	0	9	2	R(2)	3- 0	0	9	1WR-C	E	10
MNA	"Gee,D"	49	14	16	21.8	37.8	41.8	4.5	8	9	23	0	21.6	21.6	34.6	1.2	2	11	-3	S(5) R(3) C(0)	3- 0	0	0	1WR-C	E	10
MNA	"Gibson,K"	158	12	10	26.3	36.3	38.6	1	2	12	16	11	21.3	32.3	34.7	3.2	5	11	-6	S(5)	2- 0	0	5	1WR-C	E	10
HOA	"Giles,K"	63	48	11	8.1	19	11.3	0	0	5	50	9	9.8	18.7	16.3	0	0	3	0	R(1) C(6)	3-23	0	11	1WR-C	E	10
CHA	"Giolito,L"	45	16	1	5.3	6.3	19.6	4.8	8*	3	21	11	2.5	13.5	9.5	2	3*	3	-2	S(6)	2-31	0	10	1WR-C	E	10
BAA	"Givens,M"	79	32	12	4.6	16.6	11.2	2.2	3	7	40	6	8	14	16.7	1.6	2	8	4	R(2)	2- 0	0	5	1WR-C	E	10
PIN	"Glasnow,T"	62	18	24	22.5	46.5	49.5	3.6	5	0	14	18	24.1	42	43.7	3.4	6	0	9	S(5) R(4)	5-23	0	9	4WL-D	E	13
ARN	"Godley,Z"	155	34	12	10.6	22.6	19.8	0.2	0*	12	34	6	9.7	15.7	20.9	2	3	11	-5	S(6)	2-28	0	20	1WR-A	E	10
SEA	"Gonzales,M*"	40	22	5	33.9	38.9	42.9	3	4	0	10	3	37	40	58.8	4	6	2	-3	S(5) R(3)	3-36	0	10	3WL-C	E	10
WAN	"Gonzalez,G*"	201	23	9	5.6	14.6	8.8	0	0	6	27	12	9.8	21.9	19.4	2	2	7	1	S(6*)	3- 0	0	7	1WR-D	E	12
TEA	"Gonzalez,M"	156	10	6	22.8	28.8	45.6	2	3	4	7	10	15.7	25.7	24.9	1.6	3	4	0	S(6)	3- 0	0	0	1WR-D	E	10
CLA	"Goody,N"	55	50	0	4.3	4.3	13.9	3.2	6	10	46	14	6.3	20.3	15.7	1.2	2	3	-1	R(1)	3-26	0	17	1WR-C	E	10
OAA	"Gossett,D"	91	5	12	27	39	44.2	2	3	4	22	5	22.5	27.5	53.3	7.5	8	4	-5	S(5)	2- 0	0	20	1WR-C	E	10
WAN	"Grace,M*"	50	25	11	15.3	26.3	15.3	0	0	2	0	2	26	28	39.2	0	0	2	6	R(2) C(1)	5-28	0	8	1WL-C	E	10
OAA	"Graveman,K"	105	15	7	12.2	19.2	22.3	1.4	3	8	8	7	28	35	43.1	0.8	2	12	0	S(6)	2-27	0	10	1WR-C	E	10
CON	"Gray,J"	110	20	7	20	27	27.2	0	0	9	42	2	24.1	26	35.4	1.8	3	0	3	S(6)	3-13	3	5	6NR-A	E	10
NYA	"Gray,S"	162	26	9	11.3	20.3	19.3	0.8	0	6	26	10	11.6	21.6	22.4	2	3	6	3	S(6)	2-27	0	15	1WR-C	E	10
NYA	"Green,C"	69	76	2	0	2	0	0	0*	0	59	9	3.3	12.3	6.5	0	0*	5	4	R(2)	3- 0	0	11	1WL-C	E	10
DEA	"Greene,S"	68	37	19	11.9	30.9	21.5	1.4	1	2	29	12	4	15.9	5.7	0.4	0	12	-4	R(1) C(3)	3-42	0	2	1WR-C	E	10
HOA	"Gregerson,L"	61	28	3	16	19	39	5	8	0	37	6	20.5	26.5	36.2	3.2	5	0	9	R(1) C(0)	3- 0	5	18	1WL-C	E	10
ARN	"Greinke,Z"	202	35	3	12.3	15.3	19.2	1.2	1	11	34	4	9.5	13.5	23.8	3	4*	11	-3	S(7*)	1- 0	0	14	3WR-A	E	14
TEA	"Griffin,A"	77	11	17	10.6	27.5	29	4	7*	0	21	5	17.1	22.1	48	6.8	8*	1	-4	S(5) R(3)	3- 0	0	5	1WR-C	E	10
TEA	"Grilli,J"	40	26	29	14.3	43.3	40.6	6	8*	0	33	7	19.5	26.5	51.7	7	8	0	3	R(1) C(0)	3- 0	0	10	1WR-C	E	10
CHN	"Grimm,J"	55	41	7	13.3	20.3	38.8	8.5	8	1	24	23	9.4	32.3	19.2	2.8	5	8	9	R(2) C(0)	3- 0	6	16	1WR-C	E	10
NYN	"Gsellman,R"	120	11	8	17.9	25.9	32.3	2.6	4	5	7	6	22.1	28.1	37.7	1.6	2	5	0	S(5) R(3)	2-48	0	6	2WR-C	E	13
MLN	"Guerra,J"	70	22	19	8.1	27.2	23.1	4.1	5	4	24	22	8.3	30.3	28.1	6.5	8*	3	-6	S(5) R(3)	2-42	0	15	1WR-A	E	10
MLN	"Hader,J*"	48	49	29	0	29	0	0	0*	0	46	8	12.2	20.2	28	2.4	3	0	-3	R(2)	3- 0	0	0	1WL-D	E	10
OAA	"Hahn,J"	70	8	18	20.5	38.5	35	0	0	6	22	4	21.7	25.7	27.2	0	0	6	-1	S(5)	2-42	0	5	1WR-C	E	10
TEA	"Hamels,C*"	148	13	2	7.6	9.6	16.4	1	0*	11	16	11	10.4	21.4	22.8	2.2	3	11	-3	S(6)	2-30	0	9	1WL-C	E	13
KCA	"Hammel,J"	180	17	3	24.5	27.5	37.9	1.6	3	0	15	4	26	30	35.9	2.8	5	0	9	S(6)	5- 0	2	8	1WR-B	E	10
SDN	"Hand,B*"	79	56	14	2.8	16.9	11.4	2.8	5*	0	48	1	5.1	6.1	10.9	1.6	2	5	0	R(1) C(4)	3- 0	0	12	1WL-D	E	12
TOA	"Happ,J*"	145	18	0	8.7	8.7	18.9	1.8	3	0	28	8	19	27	27.9	1.8	2	0	0	S(6)	2-20	0	5	1WL-C	E	10
DEA	"Hardy,B*"	33	4	0	21.9	21.9	60.6	10.2	8	6	20	13	37.3	50.3	51.5	2	2	0	-6	R(1)	3- 0	0	5	1WL-C	E	10
HOA	"Harris,W"	45	30	0	17.3	17.3	20.8	1	1	0	46	0	9.6	9.6	21	3.8	6	0	-3	R(1) C(1)	3- 0	0	5	1WR-C	E	10
BAA	"Hart,D*"	44	20	14	20.8	34.8	31.7	1.6	2	12	1	0	25.5	25.5	34.3	1.8	2	12	0	R(1)	3- 0	8	4	1WL-C	E	10
NYN	"Harvey,M"	93	9	17	24.9	41.9	48.3	6.3	8	0	12	12	16.4	28.4	26.5	2.8	5	0	-2	S(5)	3-15	4	13	1WR-D	E	12
OAA	"Hatcher,C"	60	31	8	8.1	16.1	22.5	4.3	7	0	23	8	19.3	27.3	32.2	2.2	3	0	-2	R(2) C(0)	3- 0	6	7	1WR-C	E	10
BAA	"Hellickson,J"	164	8	5	14.9	19.9	37.5	4.3	6	7	6	6	17.5	23.5	38.5	3.8	6	7	-3	S(5)	2- 0	3	5	1WR-B	E	13
BOA	"Hembree,H"	62	36	8	24.7	32.7	37.5	0	0	0	30	6	16.8	22.8	28.2	3.2	6	1	9	R(1)	3-24	0	6	1WR-C	E	10
CHN	"Hendricks,K"	140	28	11	14.3	25.3	22.1	2.2	4	6	18	1	18.9	19.9	25.1	1.4	2	6	0	S(6)	2-10	0	0	1WR-C	E	14
OAA	"Hendriks,L"	64	42	9	7.4	16.4	17.7	1.4	2*	0	36	10	12.9	23	21.2	1	1	0	9	R(1) C(0)	4-22	0	20	1WR-C	E	10
ARN	"Hernandez,D"	55	38	9	8.8	17.8	13.6	1.6	2	7	21	0	21.5	21.5	27.8	0	0	12	2	R(1) C(1)	4- 0	0	20	1WR-C	E	10
SEA	"Hernandez,F"	87	15	8	25.3	33.3	40.4	2.6	4	12	29	6	12.3	18.4	30.8	4.3	8	8	-2	S(6)	4-17	0	20	1WR-C	E	10
KCA	"Herrera,K"	59	23	15	21.6	36.5	41.9	1.8	3	4	24	0	15	15	37.1	3	6	3	6	R(1) C(5)	3- 0	0	7	1WR-C	E	10
MNA	"Hildenberger,T"	42	15	0	14.7	14.7	25.9	0	0	14	46	0	16.5	16.5	27.6	1.8	2	8	9	R(2) C(0)	4- 0	0	5	1WR-C	E	10
LAN	"Hill,R*"	136	24	27	13.1	40.2	28	4	5	3	47	6	5	11	12.1	1.6	3	3	1	S(5)	4-11	3	3	1WL-D	E	10
CON	"Hoffman,J"	99	16	5	13.4	18.4	30.4	2	3	2	18	17	27.3	44.3	51.5	2.8	3	3	-1	S(6) R(3)	3- 0	0	3	1WR-C	E	10
NYA	"Holder,J"	39	21	7	33.8	40.8	47	4.4	4	2	28	0	25	25	38.9	0.8	1	6	-2	R(1)	4- 0	0	11	1WR-C	E	10
CHA	"Holland,D*"	135	6	13	11.9	24.9	24	3.2	5	5	17	17	20.8	37.8	43.3	4.3	7	4	-3	S(5) R(3)	2-31	0	10	3WS-C	E	10
CON	"Holland,G"	57	51	21	0.4	21.4	0.4	0	0*	5	29	6	12.5	18.5	29.9	3.6	6	5	3	R(1) C(6)	4-26	0	20	1WR-C	E	10
CHA	"Holmberg,D*"	58	0	7	23.1	30.1	45.3	2.8	5	0	8	21	13.4	34.4	33.4	4	6	0	-3	S(5) R(3)	3-24	0	10	1WR-C	E	10
ARN	"Hoover,J"	41	46	4	21.8	25.8	26.2	0	0	0	26	27	12.6	39.7	32.7	3.6	6	0	-4	R(1)	3-35	0	4	1WR-C	E	10
HOA	"Hoyt,J"	49	38	5	25.8	30.8	41.1	1.4	2	2	41	6	16	22	25.7	2.2	4	4	2	R(1)	5- 0	0	18	1WR-C	E	10
PIN	"Hudson,D"	62	27	18	14	32	28.5	1	1	7	32	17	11.8	28.8	20.4	1.4	3	8	3	R(1)	2-23	0	14	1WR-C	E	10
MLN	"Hughes,J"	60	7	1	20.5	21.5	51.8	3	3*	12	27	13	13	26	26	0	0*	12	9	R(1) C(0)	2-48	0	20	1WR-C	E	10
MNA	"Hughes,P"	54	11	2	42.8	44.8	77.5	8.3	8	0	8	2	22.5	24.5	41.7	2.4	3	0	1	S(5) R(3)	2- 0	0	0	1WR-C	E	10
TBA	"Hunter,T"	59	38	8	6.1	14.1	11.4	0	0	2	33	2	11.9	13.9	22.5	2.4	5	3	0	R(1) C(0)	2-50	0	8	1WR-C	E	10
CIN	"Iglesias,R"	76	28	17	17.2	34.2	19.7	0	0	2	53	2	4.8	6.8	5.7	0	0	2	1	R(2) C(6)	2-19	0	2	4WR-C	E	10
CHA	"Infante,G"	55	23	10	11.6	21.6	13.5	0.6	1	4	28	5	12.3	17.3	23.2	0	0	5	9	R(2)	4- 0	0	3	1WR-C	E	10
SEA	"Iwakuma,H"	31	0	13	23.4	36.3	62.6	8	8*	12	10	11	6	17	17.9	3.2	5*	12	-2	S(5)	4- 0	0	7	1WR-C	E	10
WAN	"Jackson,E"	76	22	8	19.8	27.8	34.6	2.6	5	0	6	10	21.2	31.2	59.3	10	8	0	5	S(6) R(3)	5-38	0	8	1WR-D	E	14
ATN	"Jackson,L"	51	4	7	17.7	24.7	24.3	0	0	0	13	6	26.5	32.5	43.3	2.2	2	0	2	R(2)	4- 0	0	17	1WR-C	E	10
LAN	"Jansen,K"	68	52	0	13	13	24.1	2.2	2	4	78	0	0	0	0	0	0*	0	9	R(1) C(6)	5- 0	5	7	4WS-D	E	10
MLN	"Jeffress,J"	65	5	25	14.1	39	24.8	2	3	11	18	10	22.3	32.3	35.8	2.2	3	10	-4	R(2)	3- 0	0	19	1WR-D	E	10
TBA	"Jennings,D*"	63	21	22	7.9	29.8	13.3	1.8	2	10	19	0	15	15	22.2	2.4	4	10	0	R(1)	2- 0	0	10	1WL-C	E	10
BAA	"Jimenez,U"	143	27	11	21.1	32.1	50.5	6	8	3	19	10	22.8	32.8	38.5	2.2	4	3	9	S(5) R(4)	5-10	0	4	1WR-D	E	10
ATN	"Johnson,J"	57	37	7	20.1	27.1	33.6	3.2	4	0	18	13	16	29	21.3	1.2	0	0	0	R(1) C(4)	3- 0	0	11	1WR-C	E	10
KCA	"Junis,J"	98	17	4	23.9	27.9	37.3	2.4	4	0	20	4	18.5	22.5	32.3	3	6	0	-2	S(6) R(3)	2-15	4	6	1WR-C	E	10
NYA	"Kahnle,T"	63	42	3	26.8	29.8	32.8	0	0	0	58	7	6.1	13.1	8.1	0	0	0	-1	R(1)	4- 0	0	18	1WR-C	E	10
KCA	"Karns,N"	45	34	20	13.5	33.5	27.2	3	5	0	34	0	14.3	14.3	35.4	5.5	8	3	9	S(6) R(3)	3-31	0	10	1WR-C	E	10
TEA	"Kela,K"	39	48	12	5.8	17.8	19.6	4	7*	0	53	16	0	16	0	0	0*	0	3	R(1) C(1)	3- 0	9	6	1WR-C	E	10
BOA	"Kelly,J"	58	28	31	6.5	37.5	6.5	0	0	6	21	6	6.3	12.3	10.4	0	0	8	-3	R(1)	2-26	0	16	1WR-C	E	10
KCA	"Kennedy,I"	154	18	13	12.1	25	36.8	6.5	8	6	22	9	17.3	26.3	36.7	4	8	7	-2	S(5)	1-28	3	5	3WR-C	E	10
LAN	"Kershaw,C*"	175	30	0	17.6	17.6	36.8	4.5	7	10	44	1	9.2	10.2	16	1.8	2	9	-4	S(7)	3- 8	5	5	3WL-B	E	14
HOA	"Keuchel,D*"	146	42	1	2.4	3.4	2.4	0	0	12	18	10	14.8	24.8	22.6	1.8	3	12	-6	S(6)	1-50	0	1	1WL-C	E	12
BOA	"Kimbrel,C"	69	55	5	5.4	10.4	14	2.7	5	0	76	2	0	2	0	0	0*	0	2	R(1) C(6)	3- 0	0	19	1WR-C	E	10
WAN	"Kintzler,B"	71	3	3	9.7	12.7	12.1	0	0	10	10	2	28	30	33.5	1	0	10	3	R(1) C(6)	2- 0	0	2	1WR-C	E	10
CLA	"Kluber,C"	204	46	3	7.2	10.1	12.3	1.2	2	1	55	0	8.8	8.8	18.1	1.2	2*	2	6	S(7)	3- 7	0	4	3WR-D	E	10
MLN	"Knebel,C"	76	61	17	0	17	0	0	0*	0	47	14	7.3	21.3	14	1.4	2	0	9	R(1) C(6)	4-19	0	5	1WR-C	E	10
TOA	"Koehler,T"	73	11	22	24.3	46.3	49	7	8	0	21	6	21.4	27.4	35.5	3	5	2	4	S(5) R(3)	3-40	0	2	1WR-D	E	10
PIN	"Kontos,G"	66	23	16	13.7	29.6	26.8	1.8	3	4	36	0	15.8	15.8	31.4	2.6	5	5	4	R(2) C(0)	3-22	0	6	1WR-C	E	10
ATN	"Krol,I*"	49	17	14	23.1	37.1	36.7	3	3	6	23	12	14.2	26.2	30.4	3	4	5	4	R(2)	2-51	0	8	1WL-C	E	10
PIN	"Kuhl,C"	157	27	14	20.4	34.4	43.1	2	2	8	17	10	16.3	26.3	23.4	0.6	1	10	0	S(5)	3- 0	2	11	1WR-D	E	10
CHN	"Lackey,J"	171	14	9	20.2	29.2	43	6	8	8	28	4	13.4	17.5	28.4	3.6	5	8	3	S(6)	4- 0	4	14	1WR-A	D	13
SDN	"Lamet,D"	114	31	19	10.3	29.3	27.2	3.2	6*	2	49	10	2.9	12.9	10.6	2.4	3*	3	1	S(5)	3-13	0	17	1WR-D	E	10
SFN	"Law,D"	37	13	6	29.5	35.5	55.7	7	8	6	29	8	25.7	33.7	37.1	0	0	7	2	R(1) C(3)	4- 0	0	20	1WR-C	E	10
SEA	"Lawrence,C"	55	0	16	37.8	53.8	54.5	4.3	8	0	34	4	26.1	30.1	36.2	2.2	3	0	9	S(5) R(3)	4- 0	0	3	1WR-B	E	10
SEA	"Leake,M"	186	5	2	25.8	27.8	37.7	1	2	9	20	0	22.7	22.7	33.8	1.4	2	9	0	S(6)	1- 0	0	3	2WR-B	E	14
PIN	"LeBlanc,W*"	68	8	0	27.3	27.3	50.7	2.2	4	5	21	5	8.1	13	20.3	2.6	5	5	-3	R(2) C(0)	3- 0	0	6	1WL-C	E	10
TEA	"Leclerc,J"	46	44	19	5.6	24.6	14.4	1.6	1*	8	34	44	0	44	0	0	0*	0	1	R(1) C(1)	3- 0	0	20	1WR-C	E	10
PHN	"Leiter,M"	91	23	5	16.3	21.3	37.2	4.8	6	1	25	10	16.8	26.8	28.8	3.2	3	0	6	S(5) R(3)	4- 0	0	6	1WR-C	E	10
TOA	"Leone,D"	70	45	7	4.9	11.9	14.4	2	3*	4	37	8	11.6	19.6	24.7	0	0*	4	1	R(2) C(0)	3- 0	0	20	1WR-C	E	10
CHN	"Lester,J*"	181	48	0	11.7	11.7	20	1.4	3	4	19	10	20.8	30.8	34.6	2.6	4	5	4	S(6)	4- 0	0	3	6NL-A	D	13
HOA	"Liriano,F*"	97	23	2	20	22	30.8	0	0	10	18	21	20.1	41.1	36.8	2	2	10	4	S(5) R(3)	3- 0	3	10	1WL-C	E	10
PHN	"Lively,B"	89	0	10	22.3	32.3	43.4	3.4	4	12	16	0	20	20	41	1.4	2	12	-2	S(6)	2-33	4	2	7NR-D	E	10
MMN	"Locke,J*"	32	0	16	27.9	43.9	54.2	6.3	8	0	20	6	32.1	38.1	46	0.2	0	0	9	S(5)	4- 0	0	19	1WL-D	E	12
CHA	"Lopez,R"	48	1	5	17.4	22.4	33.6	5	8	0	15	6	16.9	22.9	30.2	0	0	0	-3	S(6)	3- 0	0	13	1WR-C	E	10
CIN	"Lorenzen,M"	83	23	10	16.5	26.5	30.6	2.8	3	4	26	8	18.9	26.9	19.7	0	0	5	0	R(2) C(1)	2- 0	5	20	6NR-D	E	13
TOA	"Loup,A*"	58	32	8	24.6	32.7	31.6	0	0	6	31	14	15.2	29.2	17.4	0	0	6	0	R(1)	2-51	0	10	1WL-C	E	10
NYN	"Lugo,S"	101	17	4	24.7	28.7	36.2	1	1	3	21	2	20.8	22.8	35.8	3	5	0	-1	S(6)	4- 0	4	3	6NR-B	E	12
SDN	"Lyles,J"	70	10	6	35.4	41.4	59	4.3	8	12	16	5	25	30	47	3.6	6	12	0	S(5) R(3)	4- 0	0	11	3WR-C	E	12
SLN	"Lynn,L"	186	11	18	9.6	27.6	25	3.4	6	10	29	6	7	12.9	15.6	1.4	3	12	0	S(6)	2-16	0	1	1WS-C	E	10
SLN	"Lyons,T*"	54	33	13	3.8	16.9	7.4	0	0*	15	51	8	10.8	18.8	17.5	0	0	3	3	R(2) C(2)	3-27	0	3	1WL-C	E	10
WAN	"Madson,R"	59	53	0	7.6	7.6	11.2	0	0	10	37	0	2.5	2.5	4.9	0	0*	12	5	R(1) C(1)	5- 0	0	0	1WL-C	E	10
LAN	"Maeda,K"	134	17	5	18.6	23.5	33.9	3.4	5	4	45	4	11.3	15.3	25.9	2.8	4	0	-1	S(5) R(4) C(0)	2-33	0	6	1WR-C	E	14
OAA	"Manaea,S*"	159	15	1	14.6	15.6	20.3	0.6	0	5	24	10	19	29	34.3	1.8	3	5	-2	S(6)	2-10	0	10	1WR-B	E	10
TEA	"Marinez,J"	58	13	14	20.4	34.5	35	0	0	8	16	9	22	31	40.2	2.2	4	8	-4	R(2)	3- 0	0	20	1WR-C	E	10
CON	"Marquez,G"	162	18	6	24.5	30.5	35	0.2	0	5	27	5	20.2	25.2	44.3	4.5	7	5	0	S(6)	2-18	0	7	2WR-A	E	12
HOA	"Martes,F"	54	38	16	17.3	33.3	25	1.6	1	0	36	17	14.3	31.3	27.5	1.8	2	3	-1	S(5) R(3)	4- 0	0	20	1WR-C	E	10
SLN	"Martinez,C"	205	24	12	15.4	27.5	28.9	2.2	3	9	39	5	6.6	11.6	15	1.8	4	8	0	S(6*)	3-28	0	9	2WR-B	E	14
TEA	"Martinez,N"	111	8	10	18.1	28.1	36.3	2.8	5	9	6	0	18	18	40.8	6.3	8	10	0	S(5) R(3)	3-26	0	5	1WL-D	E	12
SDN	"Maton,P"	43	20	7	20.1	27.1	45.7	7.5	8	3	38	9	7.4	16.5	23.5	4.2	7	0	-4	R(1) C(0)	3- 0	0	0	1WR-C	E	10
NYN	"Matz,S*"	67	3	17	23.1	40.1	34.5	0	0	12	11	0	26.8	26.8	47.7	4.8	8	14	6	S(5)	4-22	0	2	2WR-A	E	13
KCA	"Maurer,B"	59	34	5	21.3	26.3	35.2	0.2	0	2	17	5	30	35	53.2	3.2	5	2	-1	R(1) C(6)	4- 0	0	3	1WR-C	E	10
CLA	"McAllister,Z"	62	23	10	18.3	28.3	32	3.6	6	14	42	10	8.1	18	11.9	0.6	1	9	0	R(2)	3- 0	0	11	1WR-C	E	10
LAN	"McCarthy,B"	93	20	2	19.9	21.9	26.3	0	0	10	15	12	19.9	31.9	22.3	0	0	10	6	S(6) R(3)	4- 0	0	9	1WR-C	E	10
KCA	"McCarthy,K"	45	6	7	29.4	36.3	38.8	3	6	5	6	5	20	25	24.2	0	0	5	-2	R(2)	4- 0	0	4	1WR-C	E	10
HOA	"McCullers,L"	119	38	2	17	19	22.2	0	0	8	29	13	21.4	34.4	32.4	0	0	7	-3	S(5)	2-36	3	15	1WL-C	E	10
ARN	"McFarland,T*"	54	20	0	12.1	12.1	14.2	0.2	0	12	0	3	34	37	43	0.6	0	12	-1	R(2)	4- 0	0	7	1WL-C	E	10
CON	"McGee,J*"	57	37	5	21.5	26.5	29.5	1.4	2	6	28	7	8.8	15.8	17.8	0	0	9	-3	R(1) C(2)	4- 0	0	20	1WL-C	E	10
MMN	"McGowan,D"	78	6	3	25.4	28.4	32.7	2	3	6	29	9	17	26	39.7	4.1	8	4	1	R(2)	2-19	0	14	1WR-C	E	10
HOA	"McHugh,C"	63	17	8	28.3	36.3	47.3	0	0	10	34	7	12.2	19.2	24.9	2.2	3	8	0	S(5)	3-23	0	14	1WR-C	E	10
MNA	"Mejia,A*"	98	28	6	22	28	42	6	8	4	18	12	21.8	33.8	37	1.2	1	4	-1	S(5)	3-51	8	3	1WR-C	E	10
SFN	"Melancon,M"	30	18	5	19.5	24.5	32.5	1.4	4	7	30	0	38.8	38.8	51.8	0	0	3	0	R(1) C(4)	3- 0	0	14	1WR-C	E	10
OAA	"Mengden,D"	43	23	0	20	20	36.8	2.2	4	12	5	10	2.6	12.6	10.4	2.6	4*	12	-6	S(6)	2- 0	0	11	3WR-B	E	10
LAA	"Meyer,A"	67	34	24	9.5	33.5	19.6	1.2	2*	3	32	21	2.7	23.6	5.1	0	0*	3	7	S(5)	3- 0	5	16	3WR-D	E	10
LAA	"Middleton,K"	58	32	3	22.5	25.5	32	1.4	2	0	25	8	18.1	26.1	41.1	5	8	0	-4	R(1) C(2)	3- 0	0	7	1WR-C	E	10
BAA	"Miley,W*"	157	21	24	11.7	35.7	16	0	0	7	19	17	22.3	39.3	35.3	2.8	4	7	-4	S(5)	1-18	0	0	2WL-B	E	10
CLA	"Miller,A*"	63	46	19	2.6	21.6	2.6	0	0*	0	71	7	0	7	0	0	0*	0	-1	R(2) C(1)	4- 0	0	3	1WL-C	E	10
PHN	"Milner,H*"	31	12	11	6.3	17.3	8.1	0	0	2	11	16	34	50	46.6	0	0	0	-6	R(1)	2- 0	0	0	1WL-C	E	10
NYN	"Milone,T*"	48	18	0	11.3	11.3	35.5	3.2	4	0	12	3	35	38	72.4	9.8	8	0	0	S(5) R(3) C(0)	2- 0	0	0	1WL-B	E	10
CHA	"Minaya,J"	44	44	18	4.6	22.5	15.9	3.8	7*	4	33	14	15.4	29.4	31.4	2	2	5	9	R(1) C(4)	4- 0	7	10	1WR-C	E	10
KCA	"Minor,M*"	78	53	8	2.8	10.9	4.3	0	0	6	34	2	13.3	15.3	24	0	0	10	0	R(2) C(2)	3- 0	0	15	1WR-C	E	10
SEA	"Miranda,A*"	160	14	8	13.1	21.1	30.5	3.6	6	0	23	12	11.1	23.1	33.2	5.8	8	0	-4	S(5) R(3)	2-27	0	11	1WL-D	E	12
NYA	"Mitchell,B"	33	6	16	22.3	38.3	34.6	0	0	0	0	5	34.2	39.2	42.2	0	0	0	-2	R(2) C(0)	2-51	0	12	1WL-C	E	10
OAA	"Montas,F"	32	5	29	24	53	72.7	15.8	8	1	36	13	15.9	28.9	23.2	2.4	5	0	1	R(2)	4- 0	0	5	1WR-C	E	10
NYN	"Montero,R"	119	23	13	23.6	36.7	32.3	0.8	0	6	23	21	23.9	44.9	31.6	1.2	2	2	3	S(5) R(3)	5- 0	3	10	1WR-D	E	12
NYA	"Montgomery,J*"	155	10	9	7.2	16.1	19	3.8	4	4	27	8	16.5	24.5	25.8	2	2	4	-3	S(5)	4-10	3	10	1WL-C	E	10
CHN	"Montgomery,M*"	131	9	6	15.7	21.7	21.5	1	2	11	20	14	10.1	24.1	13.6	0.4	0	11	0	S(5) R(3) C(3)	4- 0	0	12	6NL-B	E	10
SEA	"Moore,A"	59	1	0	19.7	19.7	53.1	8.8	8	4	6	0	18.9	18.9	34.9	3.2	6	4	-3	S(6) R(4)	3- 0	0	0	1WR-C	E	10
SFN	"Moore,M*"	174	9	11	38	49	67.3	4.1	8	4	19	8	16.8	24.8	31.5	1.8	5	3	0	S(6)	4-24	0	12	1WL-A	E	12
PHN	"Morgan,A*"	55	55	6	7.9	13.9	20.3	2.2	3	0	19	7	19.3	26.3	35.1	4.2	6	2	7	R(3)	2- 0	0	3	3WL-C	E	10
LAN	"Morrow,B"	44	47	1	0	1	0	0	0*	4	34	2	16.5	18.5	17.7	0	0	5	2	R(1) C(1)	4- 0	0	11	1WR-C	E	10
HOA	"Morton,C"	147	50	8	4.4	12.4	7.3	0.6	0	8	21	9	23.5	32.5	45.8	1	1	8	-6	S(6)	3-39	0	5	1WR-C	E	10
ATN	"Motte,J"	41	0	17	4.2	21.2	13.2	2.4	3*	12	19	17	7.3	24.3	20.1	2.8	3*	12	9	R(1)	2- 0	0	5	1WR-C	E	10
KCA	"Moylan,P"	59	11	24	17.3	41.3	33.2	3.8	7	4	19	9	2.8	11.9	5.2	0	0	4	-4	R(1)	2-24	0	3	1WR-C	E	10
HOA	"Musgrove,J"	109	35	3	23	26	37.2	1.8	3	6	10	6	25	31	42	3.2	5	7	-6	S(5) R(3) C(1)	1-13	0	8	1WR-C	E	10
MLN	"Nelson,J"	175	45	8	15.4	23.4	26.1	2	1	3	29	2	23.8	25.8	26.4	0	0	14	3	S(6)	4-16	2	7	1WR-D	E	10
PHN	"Neris,H"	75	35	8	22.1	30.1	28.7	0.4	0	3	38	7	7.6	14.6	18	2.8	4	5	0	R(1) C(5)	2-19	5	5	1WR-C	E	10
CON	"Neshek,P"	62	35	0	14.1	14.1	27.5	0	0	3	42	0	9.3	9.3	10.3	0	0	3	0	R(1) C(0)	3- 0	0	0	1WS-C	E	10
ATN	"Newcomb,S*"	100	29	13	19.2	32.2	35	0	0	3	29	18	15.9	33.8	27	1.4	2	1	-3	S(5)	3-14	0	5	1WL-B	E	10
SLN	"Nicasio,J"	72	53	0	9.5	9.5	15	0	0	4	11	10	10.4	20.4	20.6	1	2	4	1	R(1) C(2)	2-20	0	2	1WR-C	E	13
MMN	"Nicolino,J*"	48	0	0	51.7	51.7	68.1	2.2	5	8	5	10	26.2	36.1	44.7	2.8	5	9	1	S(5) R(3)	3-51	0	0	1WL-C	E	12
PHN	"Nola,A"	168	28	9	18.3	27.3	30.3	1	1	5	38	3	14.9	18	23.3	1.8	1	7	7	S(6)	3- 0	0	0	1WR-C	E	10
LAA	"Nolasco,R"	181	9	7	22.4	29.4	36.9	2	3	4	23	7	25.1	32.1	50.9	5	8	1	-2	S(6)	2-16	0	4	1WR-C	E	10
LAA	"Norris,B"	62	44	21	3.7	24.7	4.3	0	0	1	32	4	20.3	24.3	35	4.3	8	3	8	S(5) R(3) C(5)	2-46	0	20	1WR-B	E	13
DEA	"Norris,D*"	102	19	14	21.6	35.6	52.8	6.5	8	4	19	9	25.6	34.7	38.3	0.2	0	4	6	S(5) R(3)	3- 0	0	1	1WL-C	E	10
PIN	"Nova,I"	187	4	0	27.8	27.8	45.4	3.4	5	11	19	2	16.5	18.5	30.1	1.8	4	12	0	S(6)	3- 8	0	9	1WR-A	E	12
CON	"Oberg,S"	58	16	11	25.5	36.5	41.5	0	0	8	25	9	28.8	37.8	38	0	0	6	-1	R(1)	2- 0	0	10	1WR-C	E	10
BAA	"O'Day,D"	60	45	14	3.6	17.6	8.4	1.6	2	3	47	10	5.3	15.3	14.4	2.2	3	2	0	R(1) C(1)	2-24	7	0	1WR-C	E	10
TBA	"Odorizzi,J"	143	22	11	8.9	19.9	22.9	3.4	6	0	21	15	10.1	25.1	28.9	5	8	0	0	S(5)	2-20	0	1	3WR-B	E	10
MMN	"O'Grady,C*"	33	34	12	9.9	21.8	17.6	0	0	6	14	21	25.4	46.4	50.4	3.8	7	3	-2	S(5) R(3)	3- 0	12	0	1WR-B	E	10
SLN	"Oh,S"	59	13	0	28.1	28.1	58.1	7.5	8	0	29	0	16.1	16.1	22.6	0.6	1	0	-2	R(1) C(5)	3- 0	0	3	1WR-C	E	10
SFN	"Osich,J*"	43	21	29	10.7	39.7	27.5	4.5	8	3	19	12	24.8	36.8	35.7	1.2	3	5	0	R(1)	4- 0	0	20	1WL-C	E	10
TOA	"Osuna,R"	64	49	0	9.6	9.6	9.6	0	0	8	50	0	7.2	7.2	13	0	0	8	4	R(1) C(5)	3- 0	0	15	1WR-C	E	10
CLA	"Otero,D"	60	8	0	27.8	27.8	37.4	1.8	3	12	11	0	17.2	17.2	21.7	0.6	0	12	1	R(2)	2-24	0	0	1WR-C	E	10
CON	"Ottavino,A"	53	39	21	9.1	30.1	26.8	5.8	8*	0	26	28	14.4	42.4	20	0.6	0	3	9	R(1)	3-51	0	20	1WS-C	E	10
SEA	"Pagan,E"	50	39	0	18.8	18.8	47.5	6	8	0	37	1	7.3	8.3	9.7	0.8	1	0	-1	R(2)	5- 0	0	4	1WL-C	E	10
LAA	"Parker,B"	67	43	1	4.2	5.2	10.4	1	1*	10	59	9	3.7	12.7	10.4	1.6	3*	1	7	R(1) C(3)	4- 0	0	15	1WR-C	E	10
SEA	"Paxton,J*"	136	28	1	11.9	12.9	12.9	0	0	2	41	6	14.5	20.5	19.7	0	0	2	-2	S(6)	3- 0	3	20	1WL-C	E	10
SEA	"Pazos,J*"	54	47	6	14.5	20.5	15.1	0.2	0	0	31	17	16.5	33.5	30.5	3	5	0	9	R(1)	5- 0	6	16	1WR-C	E	10
HOA	"Peacock,B"	132	36	15	13.3	28.4	23.7	1.8	3	0	40	13	6	18.9	10.3	0	0	0	0	S(5) R(3)	2-11	3	10	4WR-D	E	10
CHA	"Pelfrey,M"	120	11	15	12.3	27.3	34.9	5	8	8	7	14	19.3	33.3	30.7	2.6	3	10	9	S(5) R(3)	5- 0	0	1	1WR-C	E	10
CHN	"Pena,F"	34	28	27	6.8	33.8	18.6	2.8	6	0	27	3	24.5	27.5	58.1	6.2	8	0	4	R(2)	3- 0	0	18	1WR-C	E	10
MLN	"Peralta,Wi"	57	22	16	30.5	46.5	57.1	3	3	0	16	15	22.7	37.7	43.3	2.2	4	1	-1	S(5) R(3)	3- 0	0	17	3WR-C	E	10
CIN	"Peralta,Wa*"	65	22	17	11.9	29	21.1	1.2	0	11	24	5	14.9	19.9	27.9	2.6	5	10	-3	R(1)	3- 0	0	14	1WL-C	E	10
SDN	"Perdomo,L"	164	5	9	25.8	34.8	35.2	0	0	12	19	11	17.9	28.9	29.7	2.4	3	12	0	S(6)	4- 8	4	14	1WR-A	E	14
TEA	"Perez,M*"	185	25	2	21.3	23.3	27.8	0.4	0	13	4	8	24.8	32.8	37.7	2.2	3	12	-6	S(6)	2-16	0	4	1WL-C	E	10
WAN	"Perez,O*"	33	37	7	14.9	21.9	28.5	0.2	0	3	38	8	20.2	28.2	42	3.2	6	0	4	R(1) C(0)	3- 0	10	6	1WL-C	E	10
MMN	"Peters,D*"	31	0	27	33.6	60.7	43	0	0	8	26	18	15.9	33.8	21.6	1.6	3	7	-2	S(5)	2- 0	0	20	1WL-C	E	10
LAA	"Petit,Y"	91	25	0	17.4	17.4	20.7	0.4	0	0	48	0	6.6	6.6	13.1	1.8	2	0	2	R(2) C(3)	3-16	0	0	1WR-C	E	10
SEA	"Phelps,D"	56	38	5	21.5	26.5	32	2.2	4	4	29	21	10.9	31.9	13.7	0	0	5	1	R(1)	4- 0	0	0	1WR-C	E	10
NYA	"Pineda,M"	96	29	5	18.5	23.5	32.8	4	4	4	19	1	25	26	39.8	4	5	4	1	S(6)	2-15	4	11	3WR-B	E	10
PHN	"Pinto,R"	30	12	20	27.4	47.4	47.8	5.3	7	0	19	13	25	38	42.3	2.8	4	0	-5	R(2)	2-48	12	6	1WR-D	E	12
PHN	"Pivetta,N"	133	34	13	17.1	30.1	22.7	0.2	0	3	22	12	24.4	36.4	51.5	6.5	8	3	0	S(5)	4-11	5	18	1WR-A	E	10
BOA	"Pomeranz,D*"	174	34	11	20.7	31.7	25.8	0.8	1	4	25	11	8.4	19.5	14.9	1.2	1	11	1	S(6)	3-26	0	7	1WR-C	E	10
BOA	"Porcello,R"	203	22	5	20.5	25.5	41.5	4.5	8	5	19	1	22.8	23.8	36.8	2.2	4	6	6	S(6*)	2-22	0	5	1WR-C	E	10
MNA	"Pressly,R"	61	27	4	18	22	30.1	3.4	5	11	33	4	8.5	12.5	21.3	3	4	9	3	R(2)	5- 0	0	19	1WR-C	E	10
BOA	"Price,D*"	75	16	4	11.4	15.4	11.4	0	0	0	32	8	11.9	20	24.5	2	3	0	-1	S(6) R(3)	2-20	0	5	3WL-C	E	10
TBA	"Pruitt,A"	83	19	1	20.8	21.8	32.4	1	1	3	13	5	37	42	55.7	2.2	4	4	4	S(6) R(3) C(0)	3-17	0	10	1WR-C	E	12
CHN	"Quintana,J*"	189	35	0	15.6	15.6	25.3	0	0	4	33	9	14.1	23	26.6	2.4	3	3	-2	S(6)	3- 8	2	9	1WR-A	E	12
SEA	"Ramirez,E"	131	26	6	20.5	26.5	40.8	4.1	8	9	18	1	15.8	16.8	29.8	2.2	4	10	0	S(5) R(3) C(0)	3-11	0	1	3WR-C	E	10
LAA	"Ramirez,JC"	147	15	10	20.6	30.6	42	4.3	8	11	12	7	19.9	26.9	20	0	0	12	7	S(6) R(3)	3-20	2	7	1WR-C	E	10
ATN	"Ramirez,Jo"	62	35	25	2.7	27.7	7.5	1.2	2*	8	16	9	10	19	24.5	3	4*	8	6	R(1) C(0)	4- 0	0	3	1WR-C	E	10
NYN	"Ramirez,N"	31	36	25	7.2	32.2	14.4	2.4	3	0	24	19	21.9	40.8	40.7	3.8	7	0	-6	R(2)	2- 0	0	18	1WR-C	E	10
NYN	"Ramos,A"	59	40	20	5.3	25.3	12.8	1.6	3*	0	33	18	15.9	33.9	25.6	1.2	2	0	-4	R(1) C(6)	3-24	0	20	1WR-C	E	10
PHN	"Ramos,E"	58	32	12	24.8	36.8	35.8	0	0	1	44	14	12.8	26.8	15.4	0	0	0	-1	R(2) C(0)	2-50	6	18	1WR-C	E	10
ARN	"Ray,R*"	162	55	3	6.8	9.8	20.9	3.6	5	0	46	16	2.9	18.9	10	2.2	3*	0	-1	S(6)	3- 8	0	11	4WL-B	E	12
BOA	"Reed,A"	76	27	0	12.2	12.2	24.4	3.2	5	0	33	0	11.3	11.3	24.1	2.2	3	0	-2	R(1) C(5)	4- 0	0	5	1WL-C	E	10
SDN	"Richard,C*"	197	39	0	26.8	26.8	31.8	0	0	6	7	6	27.3	33.3	47.4	2.6	4	8	-6	S(6*)	3- 0	2	7	6NL-A	E	12
PIN	"Rivero,F*"	75	65	3	0	3	0	0	0*	0	29	6	8.3	14.3	8.3	0	0	0	0	R(1) C(5)	2-19	5	6	1WL-C	E	10
WAN	"Roark,T"	181	19	11	21.3	32.3	35.9	3	5	6	28	5	12.7	17.7	19.9	1	0	6	-1	S(6) R(4)	2- 8	2	3	1WR-A	E	13
NYA	"Robertson,D"	68	69	5	1.7	6.7	6.5	1.6	0*	1	51	7	1	8	4	1	0*	3	-3	R(1) C(4)	3-21	0	20	1WR-C	E	10
NYN	"Robles,H"	57	29	25	3.8	28.8	15.2	3.8	6*	0	31	11	10.1	21.1	26.9	2.8	5	0	-1	R(2)	4- 0	0	7	1WR-B	E	10
ARN	"Rodney,F"	55	47	14	9.1	23	11.9	0	0	2	31	12	1.6	13.6	3	0	0*	3	4	R(1) C(6)	4- 0	0	20	1WR-C	E	10
CHA	"Rodon,C*"	69	33	8	20.3	28.3	29.9	2.4	3	4	34	16	10.3	26.3	25.9	3.2	5*	8	9	S(5)	5- 0	0	12	4WL-D	E	10
BOA	"Rodriguez,E*"	137	32	9	21.7	30.7	38.4	2.2	4	0	33	9	10.6	19.5	24.6	2.2	3	0	-1	S(6)	3-11	3	1	1WL-D	E	10
MNA	"Rogers,T*"	56	42	7	4.9	11.9	14.6	3.2	6	5	13	6	23	29	30.5	0.8	0	4	1	R(1)	3- 0	0	3	1WL-C	E	10
CIN	"Romano,S"	87	23	11	23.3	34.3	38	1.2	0	1	14	13	23.2	36.2	41.1	1.2	2	2	-3	S(6)	2-16	0	12	1WL-B	E	10
WAN	"Romero,E*"	56	19	10	25.3	35.3	39.7	2.8	5	8	43	11	11.1	22.1	20.8	1.6	1	6	9	R(2) C(1)	5- 0	11	7	1WR-C	E	10
TBA	"Romo,S"	56	27	11	11.4	22.4	25.6	2	3	1	35	7	7.1	14	19.3	3.4	6	4	5	R(1)	3- 0	6	8	1WR-C	E	10
CHN	"Rondon,H"	57	35	20	10	30	26.1	3.8	8*	4	39	4	14.3	18.3	26.6	2.6	5	7	6	R(1)	4- 0	0	12	3WR-C	E	10
SLN	"Rosenthal,T"	48	50	13	9.4	22.4	9.4	0	0	0	54	13	4.7	17.6	7.9	0	0	0	0	R(1) C(4)	3- 0	0	9	1WR-C	E	10
WAN	"Ross,J"	74	21	3	27.8	30.8	54.5	6.8	8	7	21	4	22.6	26.6	38.6	2.6	5	7	-2	S(6)	3- 0	0	5	3WR-A	E	14
TEA	"Ross,T"	49	10	24	10.5	34.5	20.8	1.4	1*	7	11	28	19.5	47.5	34.1	2.2	3	8	9	S(5) R(3)	3-30	0	16	1WR-C	E	10
CON	"Rusin,C*"	85	27	3	24.6	27.6	34.4	1.6	1	8	18	3	12.4	15.4	17.8	1.8	2	8	-3	R(3) C(1)	3- 0	0	11	3WL-B	E	13
LAN	"Ryu,H*"	127	14	8	30.9	38.8	57.2	5.5	8	4	25	9	14.1	23.1	27.4	2.4	4	5	-3	S(5) R(3) C(0)	3-11	3	6	1WR-A	E	10
SEA	"Rzepczynski,M*"	31	23	7	21.5	28.5	25.7	0	0	12	8	30	12.4	42.5	12.4	0	0	12	6	R(1) C(0)	4-46	0	20	1WL-C	E	10
NYA	"Sabathia,C*"	149	19	10	21.5	31.4	27.4	1.4	0	5	18	7	16.3	23.3	28	2.8	3	5	-1	S(6)	3-10	0	7	1WL-D	E	10
LAA	"Salas,F"	59	26	3	19.1	22.1	27.5	1.2	1	0	23	7	27.8	34.8	40.1	1.8	3	1	3	R(1)	3- 0	0	14	3WR-C	E	10
CLA	"Salazar,D"	103	37	16	15.1	31.1	27.5	2.2	3	0	44	11	12.4	23.3	21.4	1.8	2	2	-2	S(5) R(3)	2-14	0	13	1WR-C	E	10
BOA	"Sale,C*"	214	48	1	10.3	11.3	15.1	1.6	3	4	54	2	8.8	10.8	19.7	1.6	2	4	2	S(7*)	2- 0	0	2	4WL-D	E	10
SFN	"Samardzija,J"	208	33	0	16.8	16.8	39.7	3.6	7	4	23	0	20.1	20.1	33.2	1.6	3	4	-1	S(6*)	2- 7	0	1	6NR-A	E	13
DEA	"Sanchez,An"	105	25	2	23.4	25.4	40.5	3.6	6	0	22	6	33.2	39.2	58.9	6.3	8	0	9	S(6) R(3)	5-40	3	9	1WR-C	E	10
TOA	"Sanchez,Aa"	36	28	25	11.9	36.9	16.4	0	0	5	0	12	25.9	37.8	42.6	4.3	7	8	9	S(5)	4-40	0	5	1WR-C	E	10
MNA	"Santana,E"	211	11	2	9	11	18.7	3	5	0	25	10	12.4	22.3	22.6	2	2	0	1	S(6*)	3-14	2	13	3WR-D	E	12
MNA	"Santiago,H*"	70	3	23	17.3	40.3	52.9	10.5	8*	0	16	11	14.1	25.2	23.1	3	5	0	9	S(5)	3- 0	4	0	1WR-C	E	10
DEA	"Saupold,W"	63	3	11	22.6	33.7	34.9	2	2	3	16	14	16.6	30.6	24.1	2.4	3	5	1	R(2)	2- 0	0	13	1WR-C	E	10
WAN	"Scherzer,M"	201	36	9	9.8	18.8	26.4	3.2	5*	8	71	3	0.2	3.2	0.8	0.2	0*	3	-1	S(7*)	3- 7	0	4	6NR-A	E	13
PIN	"Schugel,A"	32	0	23	12	35	23.5	0.4	0	2	33	3	19.8	22.8	26	1	2	2	-3	R(1)	4- 0	0	14	1WR-C	E	10
BOA	"Scott,R*"	36	30	14	4.1	18.1	16.4	4.1	8*	1	19	5	13.3	18.3	41	6.5	8	1	-6	R(1)	3- 0	0	20	1WS-C	E	10
CON	"Senzatela,A"	135	14	11	13.6	24.6	29.1	2.6	3	10	17	8	21.5	29.5	36.4	1.6	2	9	0	S(5) R(3)	2-11	6	1	1WR-A	E	10
NYA	"Severino,L"	193	40	6	14	20	28	2.6	1	5	41	5	10.1	15.1	14.4	1	0	3	-3	S(6)	2-15	0	7	1WR-B	E	10
NYN	"Sewald,P"	65	27	15	16.7	31.7	29.9	2	2	3	35	2	11.6	13.6	25.5	1.6	3*	4	-5	R(2)	2-22	6	10	1WR-D	E	10
CIN	"Shackelford,K"	31	25	22	16.6	38.6	27.4	3.6	6	2	41	4	16.6	20.6	27.6	3.2	5	5	-3	R(2)	3- 0	0	6	3WR-C	E	10
CLA	"Shaw,B"	77	29	2	15.1	17.1	22.5	0	0	12	26	7	18.8	25.8	23.4	0	0	12	1	R(1) C(2)	4-38	0	9	1WS-C	E	10
CHA	"Shields,J"	117	15	14	16.3	30.3	40	6.8	8	2	26	10	11.1	21.1	27.1	2.6	4*	2	1	S(6)	4- 0	0	9	1WR-B	E	10
LAA	"Shoemaker,M"	78	16	0	23.8	23.8	43.7	2.8	5	9	27	19	9.1	28.2	25.8	4.2	7	5	-1	S(5)	2-19	5	5	1WR-D	E	10
NYA	"Shreve,C*"	45	60	4	6.1	10.1	13.6	0.8	0*	0	31	21	8.8	29.8	26	4.3	7*	0	-3	R(2)	3- 0	0	19	1WL-C	E	10
PHN	"Siegrist,K*"	39	29	23	15.8	38.8	37.3	1.8	3*	6	30	13	17.2	30.2	29	2	3	9	-5	R(1) C(0)	3- 0	0	16	1WL-C	E	10
ATN	"Sims,L"	58	14	16	25	41	45.2	0.2	0	2	16	5	21.2	26.2	40.6	4.1	6	3	-2	S(5) R(3)	2-50	0	0	1WR-B	E	10
HOA	"Sipp,T*"	37	25	5	17.8	22.8	54	7.3	8	0	32	14	16.1	30.1	36.7	2.4	4*	0	9	R(1)	4- 0	0	5	1WL-C	E	10
LAA	"Skaggs,T*"	85	18	5	23.6	28.6	39.3	2	2	12	24	8	21.1	29.1	35.6	3	4	8	7	S(5)	5- 0	7	13	1WL-C	E	10
OAA	"Smith,C"	56	0	19	13.7	32.7	35.1	4.3	8	1	8	3	19.1	22.1	57.4	9.8	8*	1	-2	S(5) R(3)	2-26	0	11	1WR-C	E	10
CLA	"Smith,Joe"	54	45	10	15.5	25.5	23	1.4	1	0	49	0	13.5	13.5	18	0	0	0	3	R(1) C(0)	2- 0	0	0	1WR-C	E	10
OAA	"Smith,Jos"	35	5	5	23.4	28.4	50.1	2	3*	3	18	17	13.8	30.8	30.7	0	0*	3	0	R(2)	3- 0	0	6	1WR-C	E	13
NYN	"Smoker,J*"	56	32	14	19.4	33.4	41	2.4	4	0	35	11	19	30	33.1	3.6	7	0	2	R(2)	4- 0	0	6	1WL-C	E	10
TBA	"Snell,B*"	129	28	14	6.4	20.5	11.4	0	0	10	24	14	14.8	28.8	27	2	3	10	-1	S(5)	2- 0	0	14	1WL-B	E	10
KCA	"Soria,J"	56	33	1	23.8	24.8	30.8	0	0	9	39	14	8.8	22.8	8.9	0	0	8	-4	R(1) C(0)	4- 0	0	16	1WR-C	E	10
SDN	"Stammen,C"	80	16	1	17.3	18.3	39.8	6.1	8	12	32	13	5.8	18.8	8.8	1	1	12	1	R(2)	3-18	0	5	4WR-C	E	10
MMN	"Steckenrider,D"	35	32	23	17	40	22.5	0	0	0	45	12	8.1	20	19.5	3.8	7	0	2	R(1) C(0)	3- 0	0	6	1WR-C	E	10
CIN	"Stephenson,R"	85	24	25	13.7	38.7	22.5	2	2	2	27	17	18.2	35.2	37.3	2.2	3	0	1	S(5) R(3) C(0)	3-51	8	12	1WR-D	E	12
LAN	"Stewart,B"	34	26	31	9.4	40.4	9.4	0	0	6	15	4	11.4	15.4	22.2	3.2	5	12	-1	S(5) R(3) C(0)	3- 0	0	0	2WL-B	E	10
CIN	"Storen,D"	55	24	7	25.7	32.7	40.3	0.6	1	7	19	9	20.9	29.9	27.5	2.2	4	7	0	R(1) C(0)	3- 0	0	3	1WS-C	E	10
KCA	"Strahm,M*"	35	22	32	9.8	41.8	17	2.4	4	3	34	16	10.6	26.5	26.6	3.8	7	4	-2	S(5) R(3)	4- 0	0	18	1WR-C	E	10
MMN	"Straily,D"	182	26	9	17.7	26.7	34.2	2	3	1	24	6	20.6	26.6	42.8	5.3	8	3	1	S(5)	3-16	0	1	1WR-B	E	10
WAN	"Strasburg,S"	175	42	6	6	11.9	12.6	0.8	1	7	39	3	11.4	14.4	17.5	0.2	0	7	-1	S(6)	3- 8	0	3	6NR-A	E	13
SFN	"Stratton,C"	59	14	20	22	42	29.3	0	0	7	24	10	14.6	24.5	21.9	1	2	8	1	S(6) R(4) C(0)	3-24	0	7	1WR-B	E	10
SFN	"Strickland,H"	61	11	15	28.8	43.8	36.9	0	0	3	31	10	9.4	19.4	16.5	0	0	3	3	R(1) C(0)	3- 0	6	10	1WR-C	E	10
LAN	"Stripling,R"	74	29	2	8.6	10.6	11.6	0	0	11	30	3	24.6	27.6	41.5	3.8	7	5	0	R(2) C(1)	2-19	0	5	1WR-C	E	12
TOA	"Stroman,M"	201	17	9	14.4	23.4	17	0	0	12	21	6	18.3	24.3	28.6	2.4	3	12	-2	S(6*)	1- 7	2	2	7NR-C	E	14
CHN	"Strop,P"	60	37	13	7.1	20	12.6	0	0	8	30	14	10.5	24.5	17.5	0	0	12	0	R(1)	2-48	6	20	1WR-C	E	10
DEA	"Stumpf,D*"	38	18	18	11.6	29.6	14.1	0.8	0	9	28	5	24.6	29.6	44.7	3.6	6	8	0	R(1)	2-38	10	11	1WL-C	E	10
SFN	"Suarez,A"	32	23	9	19.3	28.3	40.2	0	0*	0	37	3	8.7	11.7	26.8	5.8	8	0	3	R(3) C(0)	4- 0	0	6	1WR-B	E	10
MLN	"Suter,B*"	82	13	4	8	12	14.3	0	0	6	18	4	25.9	29.9	33	1.2	2	5	-6	S(5) R(3)	1-35	0	2	1WL-D	E	12
MLN	"Swarzak,A"	77	32	7	7.8	14.8	14.9	0	0	4	49	3	11.4	14.4	18.6	1.6	1	5	0	R(2) C(1)	4- 0	0	5	1WR-C	E	10
NYN	"Syndergaard,N"	30	57	0	10.3	10.3	21.5	0	0	0	13	0	17.9	17.9	19.9	0	0	0	0	S(5)	3- 0	0	20	1WL-B	E	10
PIN	"Taillon,J"	134	10	8	25.3	33.3	36.5	0	0	5	33	6	18.1	24	30.6	1	1	4	6	S(5)	5- 0	0	11	2WR-C	E	10
NYA	"Tanaka,M"	178	36	1	19.3	20.3	34.8	4.3	4	6	30	4	21	25	42.5	3.6	4	6	-3	S(6)	2- 0	0	8	1WR-B	E	10
MMN	"Tazawa,J"	55	8	9	16.6	25.5	25.9	2.4	4	5	14	8	23	31	39.3	2.4	5	4	4	R(1)	4- 0	0	7	1WR-C	E	10
ATN	"Teheran,J"	188	16	18	10.3	28.3	24	2.4	4	5	19	0	23.8	23.8	34.4	2.6	4	5	5	S(6)	2-23	0	6	2WR-A	E	14
TOA	"Tepera,R"	78	42	22	6	28	17.3	2	3*	3	27	3	9.6	12.6	14.1	0	0	15	9	R(1) C(1)	3-19	0	15	1WR-C	E	10
PHN	"Thompson,J"	46	7	22	8.6	30.5	13.6	0	0	12	17	11	24.8	35.8	48.3	5	8	12	0	S(5) R(3)	4- 0	0	4	2WR-C	E	10
BAA	"Tillman,C"	93	0	32	23.5	55.5	38.6	1.8	3	4	13	3	28.8	31.8	56.7	7.5	8	5	-2	S(5) R(3)	4-15	0	20	1WR-C	E	10
CLA	"Tomlin,J"	141	14	0	27.2	27.2	46.8	2.4	3	12	17	0	22.5	22.5	41.7	3.2	5	13	-2	S(5)	3-10	0	1	1WR-C	E	10
MLN	"Torres,C"	73	11	10	16.8	26.8	30.5	2.6	3	8	19	16	25.3	41.3	31.6	1.6	1	4	2	R(2) C(0)	2-40	0	11	1WR-C	E	10
SDN	"Torres,J*"	68	15	2	18.7	20.7	35.7	2.2	4	9	30	5	9.6	14.6	29.4	5.2	8	8	2	R(2) C(0)	4-21	16	6	3WL-C	E	10
OAA	"Treinen,B"	76	33	10	22.6	32.7	37.8	2.6	4	2	22	4	18.6	22.6	23.9	0	0	10	-1	R(1) C(4)	4-19	0	11	1WR-C	E	10
OAA	"Triggs,A"	65	15	6	7.4	13.4	16.5	2	4	3	17	7	24.8	31.8	33.5	2	3	4	9	S(6)	4-22	0	17	1WR-C	E	10
SLN	"Tuivailala,S"	42	40	8	8.4	16.4	17	2.2	3	8	8	0	12.8	12.8	19.4	0.4	0	12	2	R(2)	5- 0	0	11	1WR-C	E	10
WAN	"Turner,J"	39	12	9	14.5	23.5	37.8	3.6	6*	7	1	10	24.5	34.5	43.9	4.1	7	6	0	S(5) R(4)	5- 0	0	17	1WR-B	E	10
CHN	"Uehara,K"	43	42	4	17.1	21.1	33.2	2.8	6	0	35	1	11.6	12.6	20	2.8	5	0	-3	R(1) C(1)	3- 0	0	0	1WR-C	E	10
MMN	"Urena,J"	170	2	11	14.9	25.9	28.6	2.6	4	9	19	9	14.9	23.9	27.3	3	6	9	0	S(5) R(4)	2- 8	2	6	1WR-C	E	14
TOA	"Valdez,C"	31	5	8	21	29	33	0	0	11	13	6	38	44	94	9.9	8*	10	-2	S(5) R(3)	3- 0	12	6	1WR-C	E	10
KCA	"Vargas,J*"	180	6	6	27.8	33.8	45.4	3.6	6	11	19	7	14	21	26.4	2.6	5	11	1	S(6)	2- 0	2	7	2WL-B	E	10
PHN	"Velasquez,V"	72	24	19	20.9	40	37.9	2.4	2	4	23	10	14.8	24.8	33.8	5.3	8	6	-5	S(5)	2-20	6	5	4WR-D	E	12
DEA	"VerHagen,D"	34	16	10	26.6	36.6	64.4	6.8	8	9	13	1	27.6	28.6	59.6	8	8	12	-3	S(5) R(3)	4- 0	0	20	1WR-C	E	10
HOA	"Verlander,J"	206	39	12	9.5	21.5	22.6	3	4	3	26	6	12.4	18.4	17	1.2	1	4	-3	S(6*)	3- 7	0	5	1WR-D	E	10
SEA	"Vincent,N"	65	14	0	26.2	26.2	32.7	0	0	4	22	0	18.7	18.7	26	0	0	4	-5	R(1)	3- 0	0	0	1WR-C	E	10
ATN	"Vizcaino,A"	57	34	22	8.9	30.9	26.1	1.8	1*	0	37	0	5.8	5.8	12.4	2.2	2	2	-4	R(1) C(3)	3-50	0	20	1WR-C	E	10
MMN	"Volquez,E"	92	21	23	17.1	40.2	28.3	1	2	5	23	16	8.9	24.9	15.6	0.2	0	5	9	S(5)	4- 0	0	9	3WR-C	E	10
SLN	"Wacha,M"	166	21	11	15.3	26.3	24.1	0.8	0	12	29	4	23	27	33.4	1.4	3	9	5	S(6)	3- 0	0	6	1WR-B	E	12
SLN	"Wainwright,A"	123	14	8	21.9	29.9	34.5	2.2	3	8	15	8	23.3	31.3	35.6	0.6	0	8	0	S(5)	2- 0	0	3	8NR-A	E	12
ARN	"Walker,T"	157	25	13	8.6	21.5	19.7	2.2	3*	6	23	6	16.3	22.3	28.7	0.6	0	7	3	S(6)	3-36	2	9	7NR-C	E	10
NYA	"Warren,A"	57	30	1	7.8	8.8	11	0	0	0	31	7	3.8	10.8	7.4	1.2	0	0	1	R(2) C(0)	2- 0	0	20	1WR-C	E	10
LAN	"Watson,T*"	67	16	0	25.5	25.5	30.1	0.8	1	10	18	2	22.1	24.1	36.1	3	6	9	0	R(1) C(3)	2- 0	0	0	1WL-C	E	10
SDN	"Weaver,J"	42	5	0	20.9	20.9	46.1	6	8	6	0	9	24.5	33.5	80.1	17.3	8	5	4	S(5)	3- 0	0	0	1WR-D	E	10
SLN	"Weaver,L"	60	41	4	8.5	12.5	10.1	0.2	0	11	36	6	23.3	29.3	38.3	2.4	5	2	-5	S(6) R(3)	2-24	0	0	1WR-C	E	13
NYN	"Wheeler,Z"	86	31	12	15.9	27.9	31.9	4.8	8	4	13	14	22.4	36.4	32.7	1.4	2	8	2	S(5)	3-17	0	1	1WL-D	E	10
TBA	"Whitley,C"	57	7	6	15.1	21.1	24	0.8	0	2	24	3	14.5	17.5	25.7	0	0	2	0	R(2) C(1)	3- 0	0	7	1WR-C	E	10
PIN	"Williams,T"	150	14	5	24.3	29.3	31	0	0	7	19	10	10	20	20.4	1.6	3	7	0	S(6) R(3)	3-19	0	2	1WR-A	E	10
DEA	"Wilson,A"	60	14	0	21	21	32	1.4	1	5	12	0	28.9	28.9	49.5	1.8	2	5	-4	R(1) C(1)	2-47	0	14	1WR-C	E	10
CHN	"Wilson,J*"	58	56	21	0.6	21.6	2.4	0.6	0*	0	43	21	8.6	29.6	21.3	1	1*	1	1	R(1) C(4)	4- 0	0	15	1WL-C	E	10
ATN	"Wisler,M"	32	5	17	32	49	68	3	4	0	12	4	28.3	32.3	52.8	1.4	1	0	-2	R(2)	3- 0	0	0	1WR-B	E	14
MMN	"Wittgren,N"	42	22	5	33.1	38.1	50.2	0	0	0	32	7	18.9	25.9	42.3	3	5	0	-5	R(2)	2- 0	0	10	1WR-C	E	10
CIN	"Wojciechowski,A"	62	22	6	29.9	35.9	59.1	4.3	6	0	26	5	19.3	24.3	41.8	4.5	7	0	1	S(5) R(3)	2-23	0	2	1WR-D	E	10
LAN	"Wood,A*"	152	19	4	16.6	20.6	24.2	0.8	1	5	29	3	11.2	14.2	20.5	1.4	2	5	-5	S(6) R(3)	1-38	0	2	1WR-D	E	12
LAA	"Wood,B"	74	26	9	31.5	40.5	45.5	3.2	5	0	32	14	18.8	32.8	24.4	0	0	1	3	R(1)	4- 0	9	20	1WR-C	E	10
SDN	"Wood,T*"	94	10	18	21.9	39.9	36.1	3	5	7	9	13	25.7	38.7	44.8	3.8	7	7	-4	S(5) R(3)	3-15	0	1	7NR-D	E	14
MLN	"Woodruff,B"	43	9	6	31.8	37.8	42.2	1.2	0	0	21	7	6.6	13.6	13.8	2.4	3	0	1	S(5)	3- 0	0	0	2WL-B	E	10
BOA	"Workman,B"	40	26	0	24.9	24.9	61.9	9.1	8	12	26	9	12.9	21.9	29	1.4	2	12	-3	R(2)	2- 0	0	5	1WR-C	E	10
MMN	"Worley,V"	72	13	7	35.7	42.7	53.9	0	0	11	4	10	36.1	46.2	58	4	7	12	1	S(5) R(3) C(0)	3- 0	0	2	3WR-A	E	10
SDN	"Yates,K"	57	47	10	11.4	21.4	40.7	9.1	8*	0	62	5	4.6	9.6	14.4	2.8	5*	0	9	R(1) C(0)	5- 0	6	0	1WL-C	E	10
BAA	"Ynoa,G"	35	5	0	29	29	58	4.4	7	12	26	6	21.6	27.6	27.8	0	0	12	-2	S(5) R(3)	3- 0	0	0	1WR-C	E	10
KCA	"Young,C"	30	0	16	38.8	54.8	62.5	6.5	8	4	14	3	34.6	37.6	54.1	2.6	6	4	9	S(5) R(3)	4- 0	0	6	1WR-C	E	10
MMN	"Ziegler,B"	47	0	4	25	29	29.1	0	0	12	9	1	39.3	40.3	46.5	0	0	12	1	R(1) C(3)	2- 0	0	4	1WR-C	E	10
DEA	"Zimmermann,J"	160	11	3	31.4	34.4	51.5	3.2	5	9	4	6	26.7	32.7	45.3	2.8	5	9	1	S(5)	4- 8	0	3	1WR-C	E	12
SEA	"Zych,T"	41	22	15	14.8	29.8	18	0	0	6	22	16	6.2	22.2	8.8	0	0	6	3	R(1) C(0)	3- 0	9	5	1WR-C	E	10
