TM	PITCHERS	IP	SO vlhp	BB vlhp	HIT v lhp	OB v lhp	TB v lhp	HR v lhp	BP v lhp	DP vlhp	SO v rhp	BB v rhp	HIT v rhp	OB v rhp	TB v rhp	HR v rhp	BP v rhp	DP v rhp	HO	ENDURANCE	FIELD	BK	WP	BAT-B	STL	SPD
BOA	"Abad,F*"	47	25	0	4.5	4.5	12.6	2.2	3	12	20	22	14.8	36.8	19	0.1	0	12	4	R(1) C(0)	2- 0	8	4	1WL-C	E	10
LAA	"Achter,A"	38	0	0	25.4	25.4	49.2	7.3	8	12	0	13	25.6	38.7	41.5	1.8	3	12	-1	R(2)	3- 0	0	0	1WR-C	E	10
CIN	"Adleman,T"	70	22	7	17.7	24.7	35.1	4.2	4	10	6	6	16.5	22.5	35.2	3.8	6	11	-2	S(5)	2- 0	0	0	3WR-C	E	10
CHA	"Albers,M"	51	2	11	22.6	33.6	48.3	4.8	8	3	7	8	28.8	36.8	51.5	3	4	4	1	R(1)	4-51	0	16	4WL-C	E	10
CLA	"Allen,C"	68	40	10	7.4	17.4	22.8	3.6	6*	13	59	15	0.5	15.5	1.7	0.4	0*	2	0	R(1) C(6)	2- 0	0	10	1WR-C	E	10
LAA	"Alvarez,J*"	57	14	3	28.1	31.1	28.1	0	1	2	26	0	32.9	32.9	45.4	0	0	2	0	R(1)	3-24	0	7	1WL-C	E	10
CLA	"Anderson,Co"	61	16	0	31.5	31.5	57.5	4	7	4	27	0	35.6	35.6	55.7	4.1	6	0	-4	S(5) R(3)	3-24	0	17	1WR-C	E	10
MLN	"Anderson,Ch"	152	20	10	7.4	17.5	20.5	3.2	3*	6	14	10	26	36	50.4	3.6	6	7	0	S(5)	1-10	0	5	1WR-C	E	13
CON	"Anderson,T*"	114	18	9	19	28	25	0	0	10	23	1	24.5	25.5	40.6	2.4	2	10	-2	S(6)	1-26	10	7	6NL-B	E	10
TBA	"Andriese,M"	128	20	2	15.7	17.7	32.2	3	4	10	25	1	24.9	25.9	33.1	1.4	3	9	9	S(5) R(3) C(0)	4-11	10	5	1WR-C	E	10
TBA	"Archer,C"	201	38	9	11.9	20.9	23.8	2.8	4	2	36	9	14.4	23.4	24.7	2.2	4	5	0	S(6*)	3-14	0	12	1WR-D	E	10
CHN	"Arrieta,J"	197	31	20	5.9	25.9	8.7	0.4	1	6	27	6	9.4	15.4	16.1	1	1	6	6	S(6*)	1-22	0	19	8NR-B	E	14
OAA	"Axford,J"	66	15	9	17.4	26.5	21	0	0	8	31	18	14.3	32.3	20.5	1.4	2	4	1	R(1) C(2)	3- 0	0	13	1WR-C	E	10
LAN	"Baez,P"	74	31	13	3.5	16.5	8.9	1.8	2*	1	42	6	7.4	13.4	20.1	3.4	6	0	0	R(1) C(0)	2-51	11	9	1WR-C	E	10
LAA	"Bailey,A"	44	21	3	20.1	23.1	27.4	2	2	2	26	17	12.4	29.4	31.3	3.2	6	0	0	R(1) C(4)	4- 0	8	15	1WR-C	E	10
BOA	"Barnes,M"	67	34	19	10.6	29.5	22.5	3	6	0	28	12	17.9	29.9	24.1	0	0	0	9	R(2) C(0)	4- 0	0	13	1WR-C	E	10
TEA	"Barnette,T"	60	22	6	20.5	26.5	29.5	3	4	11	22	4	10.7	14.7	16.4	0	0	12	0	R(2)	3- 0	0	20	1WR-C	E	10
MMN	"Barraclough,K"	73	45	28	3.8	31.9	7.7	0	0*	0	56	18	3.6	21.6	6.6	0	0*	0	9	R(1)	3-20	0	20	1WR-C	E	10
ARN	"Barrett,J"	59	24	19	8.3	27.3	21.9	2.8	4*	4	29	8	10.1	18.1	20.3	0	0	4	0	R(1) C(2)	4- 0	0	15	1WR-C	E	10
PIN	"Bastardo,A*"	68	15	8	15.5	23.5	41.1	6.5	8	0	41	17	9.3	26.3	20.6	1.4	2*	0	9	R(2)	4-21	18	19	1WR-C	E	10
CLA	"Bauer,T"	190	33	7	14.9	21.9	26.3	0.8	1	3	14	14	16	30	24.5	1.8	2	4	-1	S(6) R(3)	3- 0	0	3	1WR-C	E	10
LAA	"Bedrosian,C"	40	44	8	17.4	25.4	18.2	0	0	3	44	11	2.7	13.6	2.7	0	0	3	-2	R(1) C(0)	3-35	0	17	1WR-C	E	10
WAN	"Belisle,M"	46	30	0	7.4	7.4	14.6	0	0*	8	2	0	24.4	24.4	30.1	0	0	8	0	R(2)	4- 0	0	10	1WR-C	E	10
TOA	"Benoit,J"	48	28	12	13.9	25.9	21.1	2.4	3	4	38	20	3.3	23.3	4.5	0.4	0	4	-1	R(1) C(0)	3-51	0	4	1WR-C	E	10
MNA	"Berrios,J"	58	19	21	18.4	39.4	26.6	2.4	4	4	13	17	25.4	42.3	53	4.8	8	5	-1	S(5)	2-24	0	2	3WR-C	E	10
NYA	"Betances,D"	73	47	7	16.9	23.9	21.6	0	0	1	54	15	2.5	17.5	3.9	0	0	0	9	R(1) C(3)	5-51	0	19	1WR-C	E	10
CON	"Bettis,C"	186	17	8	18.6	26.6	25.7	0	0	2	12	4	27	31	48	3.8	4	3	-1	S(6)	3-15	0	4	1WR-D	E	13
TOA	"Biagini,J"	68	36	5	27	32	34.5	0	0	1	16	6	16.5	22.4	24.7	0	0	1	2	R(2) C(0)	3-43	0	9	1WR-C	E	10
ATN	"Blair,A"	70	1	19	25.8	44.8	53.3	4.1	7	0	17	7	22	29	41.7	4.3	7	1	2	S(5)	3-21	0	0	1WR-D	E	10
LAN	"Blanton,J"	80	35	10	4.9	14.9	7.3	0.8	0	4	31	6	8.1	14.1	18.1	1.4	2	5	6	R(2) C(0)	4- 0	0	8	1WR-C	E	10
MLN	"Blazek,M"	41	9	26	18.2	44.2	31.6	1.6	1	4	22	14	27.9	41.8	52	3.6	5	3	-2	R(1)	3-35	0	9	1WR-C	E	13
NYN	"Blevins,J*"	42	45	8	16	24	21.8	0.8	1	0	38	6	4.3	10.3	13.9	3.2	5	0	1	R(1) C(1)	4-34	0	5	1WL-C	E	10
MNA	"Boshers,B*"	36	37	0	17	17	23.3	0	0	2	27	2	15.4	17.4	31.5	2.4	3	3	9	R(1)	4-40	0	5	1WL-C	E	10
SLN	"Bowman,M"	68	21	11	7.9	18.9	16.3	0	0*	8	14	2	16.5	18.5	23.8	0.6	0	8	0	R(2)	2-43	0	0	1WR-C	E	10
DEA	"Boyd,M*"	97	10	10	8.5	18.5	22.5	2.4	3	7	22	7	18	25	33	3.4	6	5	-3	S(5) R(4)	3-15	0	1	1WL-C	E	10
MLN	"Boyer,B"	66	0	3	27.1	30.1	38.4	0	0	12	0	2	32.3	34.3	39.3	0	0	12	0	R(2) C(0)	3- 0	0	0	1WR-C	E	10
BAA	"Brach,B"	79	18	9	14.5	23.5	24	1.4	2	16	58	8	1.6	9.6	3	0.4	0	2	0	R(1) C(1)	5- 0	5	12	1WR-C	E	10
ARN	"Bradley,A"	142	20	16	25.2	41.2	43.3	2	3	0	34	8	14.3	22.3	25.8	0.8	0	1	4	S(6)	4-10	4	10	1WR-A	E	13
PIN	"Brault,S*"	33	7	32	24.4	56.4	28	0	0	0	16	9	27	36	47.5	2.6	5	0	6	S(5) R(3)	3-44	0	5	2WL-D	E	10
BAA	"Britton,Z*"	67	34	10	8.3	18.3	15	0	0*	4	43	2	1.6	3.6	2.2	0	0*	4	-3	R(1) C(6)	2- 0	0	20	1WL-C	E	10
SLN	"Broxton,J"	61	26	18	7.9	25.9	16.4	2	3	0	26	2	12.3	14.3	23.4	1.8	3	0	7	R(1)	3- 0	0	3	1WR-C	E	10
BOA	"Buchholz,C"	139	10	15	21.5	36.5	31.1	0.4	2	10	13	8	9	17	21.3	4.1	7	9	-1	S(6) R(3)	3-10	0	1	1WL-C	E	10
SDN	"Buchter,R*"	63	41	10	0	10	0	0	0*	4	49	19	1.4	20.4	5.1	1.2	1*	4	-6	R(1) C(0)	2- 0	0	11	1WL-C	E	10
SFN	"Bumgarner,M*"	227	48	2	6.2	8.2	14.6	2	4	5	33	4	12.8	16.8	22.2	1.6	4	3	-2	S(7*)	1- 0	2	3	6WR-D	E	12
BAA	"Bundy,D"	110	19	5	18.3	23.2	31.7	2.4	4	3	33	13	16.3	29.3	26.5	2.8	5	4	6	S(5) R(3)	2-13	0	0	1WS-C	E	10
ARN	"Burgos,E"	41	40	14	13.2	27.2	32.5	3.8	7*	3	22	15	16.5	31.5	26.4	0	0	19	8	R(1) C(0)	4- 0	8	20	1WR-C	E	10
TEA	"Bush,M"	62	44	7	12.5	19.5	17.5	1	1	2	25	3	3.3	6.3	4.3	0	0	2	-3	R(1) C(0)	2- 0	0	7	1WR-C	E	10
CON	"Butler,E"	64	14	9	26	35	42.4	3.4	4	6	10	6	34.8	40.8	62.5	4.3	5	6	0	S(5) R(3)	3-44	0	2	1WR-C	E	10
ATN	"Cabrera,M"	38	10	12	17	29	27.2	0	0	5	29	21	5.8	26.8	5.8	0	0	2	4	R(1) C(4)	3- 0	0	11	1WR-C	E	10
CHN	"Cahill,T"	66	20	12	9.1	21	15.2	1.8	3	7	33	20	6.7	26.7	10.9	1.4	1	7	9	R(2)	3-44	0	9	1WR-B	E	10
SFN	"Cain,M"	89	20	7	31.4	38.4	49.5	2	5	9	15	12	22.3	34.3	42.2	5.6	8	7	4	S(5) R(3)	2-33	0	11	6NR-D	E	13
SEA	"Caminero,A"	61	8	13	20.7	33.7	40	1.2	2	5	23	20	19.1	39.1	29.3	1.4	2	2	1	R(2) C(0)	3- 0	0	6	1WR-D	E	10
CLA	"Carrasco,C"	146	33	6	12.6	18.6	31.3	3.4	5	6	31	1	16.3	17.3	30.4	1.8	3	6	-1	S(6)	2- 0	3	6	1WR-C	E	10
MMN	"Cashner,A"	132	21	15	21	36	43	3	5	10	18	12	18.9	30.9	36.1	1.6	3	11	6	S(5)	3- 0	0	4	2WR-B	E	15
SFN	"Casilla,S"	58	35	3	20.1	23.1	50.7	6.6	8	6	36	11	11.1	22	14.7	0.8	2	9	3	R(1) C(5)	3- 0	13	15	1WR-C	E	10
TOA	"Cecil,B*"	37	39	1	21.8	22.8	29	2.4	3	4	36	5	21	26	37	3.6	6	4	9	R(1)	5- 0	0	0	1WR-C	E	10
TBA	"Cedeno,X*"	41	30	10	8.1	18.1	9.1	0	0	0	33	4	19.9	23.9	27.4	0	1	0	-3	R(1)	2-35	0	16	1WL-C	E	10
MMN	"Cervenka,H*"	43	19	19	8.8	27.8	19.6	1.8	2*	9	37	21	7.9	29	20.6	0	0*	8	9	R(1)	4- 0	0	20	1WL-C	E	10
NYA	"Cessa,L"	70	15	3	13.1	16.1	34	6.3	7	3	10	1	17	18	31.4	3.8	5	3	1	S(6) R(3)	2-20	0	6	1WR-C	E	10
LAA	"Chacin,J"	144	8	9	20.6	29.6	31.6	1.6	3	2	29	10	23.4	33.4	29.1	0	0	3	-2	S(5) R(4)	3- 0	3	12	3WR-D	E	13
CHN	"Chapman,A*"	58	47	26	0	26	0	0	0*	5	65	4	4.4	8.4	7.5	0	0*	3	2	R(1) C(6)	3- 0	7	20	1WL-C	E	10
CON	"Chatwood,T"	158	17	13	16.5	29.5	27.4	1	1	11	12	15	14.8	29.8	23.7	1.2	1	12	-3	S(6)	2-18	0	9	3WR-C	E	13
LAN	"Chavez,J"	67	18	12	27	39	36	2.8	3	2	31	0	17.8	17.8	35.6	4	6	4	0	R(1)	4- 0	0	2	1WR-C	E	10
MMN	"Chen,W*"	123	20	0	27.6	27.6	36.4	0.4	1	6	17	2	22.8	24.8	45	4.8	8	8	-1	S(6)	2- 0	0	1	1WR-D	E	10
CIN	"Cingrani,T*"	63	28	15	10.4	25.4	26.6	1.8	1	2	8	23	14.9	37.9	20.1	0	0	2	-6	R(1) C(4)	3-23	7	10	1WL-C	E	12
SEA	"Cishek,S"	64	45	10	9.7	19.7	25.1	3.6	6*	0	41	6	2.7	8.7	6.9	1	0*	0	1	R(1) C(5)	2-23	0	14	1WR-C	E	10
TEA	"Claudio,A*"	52	29	0	5.8	5.8	8.1	0	0	9	3	4	29.8	33.8	38	0	0	9	-5	R(2)	3- 0	0	0	1WL-C	E	10
SDN	"Clemens,P"	71	27	19	7.1	26	18.7	2.2	3*	11	5	10	21.5	31.5	44.5	5.3	8	9	1	S(5) R(3)	3-20	5	12	1WR-D	E	10
CLA	"Clevinger,M"	53	26	16	5.6	21.5	7.2	0	0	0	21	21	18.4	39.4	42.5	4.3	8*	0	8	S(5) R(3)	4- 0	0	7	1WR-C	E	10
NYA	"Clippard,T"	63	43	4	13.3	17.3	27.3	3.4	6	0	31	18	8.7	26.7	15.9	1.8	2	0	-1	R(1) C(2)	3-23	18	18	1WR-C	E	10
WAN	"Cole,A"	38	31	10	16.4	26.5	37	2.6	4*	0	25	8	14.7	22.7	35.3	5.2	8	0	3	S(5)	5- 0	0	5	1WR-D	E	10
PIN	"Cole,G"	116	29	6	33.4	39.4	50.3	0	0	4	11	6	19.3	25.3	21.9	0	0	5	9	S(6)	1-26	3	9	7NR-D	E	10
LAN	"Coleman,L"	48	10	32	23.5	55.5	48.4	0	0	0	27	11	13.4	24.5	25.5	2.4	3	2	-2	R(1)	3- 0	0	13	1WR-C	E	10
ATN	"Collmenter,J"	41	16	0	15.3	15.3	34.6	3.4	6	12	21	19	9.8	28.8	20.6	3.6	5	12	-1	S(5) R(3)	3- 0	0	0	1WR-C	E	10
TBA	"Colome,A"	57	48	9	4.4	13.4	4.4	0	0	4	44	2	10.8	12.8	19.8	3	5	5	-4	R(1) C(6)	3- 0	0	3	1WR-C	E	10
NYN	"Colon,B"	192	12	1	16.8	17.8	33.6	4	6	11	12	0	20.6	20.6	26.4	0.4	0	11	-4	S(6*)	1-23	0	0	6NR-C	E	12
MMN	"Conley,A*"	133	5	11	29.4	40.4	40	0	0	7	30	13	12.9	25.9	24.6	1.8	4	5	2	S(5)	3-11	0	14	1WL-D	E	10
ARN	"Corbin,P*"	156	35	17	11.9	28.9	25.1	3.2	5	3	10	10	24.5	34.5	39.8	2.4	3	6	-4	S(6) R(3) C(0)	3-10	0	12	5WL-B	E	14
SDN	"Cosart,J"	57	12	28	6.8	34.8	11	1	1	11	4	16	28.3	44.3	33.3	0	0	11	-4	S(5)	2- 0	0	10	1WR-C	E	12
OAA	"Coulombe,D*"	48	42	0	14.8	14.8	19	0	0	4	37	15	5	20	17	4	7*	4	-3	R(2)	3- 0	0	14	1WL-C	E	10
SFN	"Cueto,J"	220	28	2	20.6	22.6	27.9	0	0	5	23	3	14.8	17.8	19.7	0.4	2	5	-4	S(7*)	2-13	2	2	1WR-A	E	13
TEA	"Darvish,Y"	100	50	9	8.1	17	15.2	0.8	1	0	45	6	9.4	15.5	19.5	2.4	4	0	9	S(6)	3- 0	0	13	7NR-D	E	10
MLN	"Davies,Z"	163	18	3	22.7	25.7	37.5	2	2	5	22	4	20.8	24.8	31.4	2	2	5	0	S(6)	3-18	0	3	1WR-B	E	12
KCA	"Davis,W"	43	43	6	9.8	15.8	9.8	0	0	3	28	17	11.6	28.6	14.2	0	0	2	6	R(1) C(6)	3- 0	0	20	1WR-C	E	10
ATN	"De La Cruz,J"	63	4	7	17.8	24.8	34.7	3	5	2	9	12	19.1	31.1	40.2	2.8	5	2	-6	S(5) R(3)	2-23	0	0	2WR-C	E	10
CON	"De La Rosa,J*"	134	17	14	24.9	38.9	39.6	2.6	4	6	14	13	22	35	38.8	3.2	3	7	7	S(5) R(4)	4-33	2	10	3WL-D	E	10
ARN	"De la Rosa,R"	51	16	24	5.1	29.1	11.5	0.8	0*	0	43	0	13.1	13.1	31.4	4.6	7	0	-2	S(5) R(3)	2- 0	7	8	1WR-A	E	13
MNA	"Dean,P*"	67	0	9	23.6	32.6	42.3	2.4	4	12	14	7	28.3	35.3	50	4	6	12	-5	S(5) R(3)	3- 0	0	2	1WL-C	E	10
NYN	"deGrom,J"	148	28	4	11.3	15.3	15	0.4	0	12	30	6	16.3	22.3	26.3	2	2	12	-3	S(6)	2-20	0	6	2WL-B	E	10
ARN	"Delgado,R"	75	18	21	17.9	39	33.3	2	2	0	24	8	17	25	30.8	0.8	1	0	-1	R(2)	4- 0	0	20	1WR-C	E	10
CIN	"DeSclafani,A"	123	26	0	29.6	29.6	47.8	3.6	3	7	14	9	9.8	18.8	14.5	1	1	9	0	S(6)	5- 0	3	11	1WR-D	E	10
MMN	"Despaigne,O"	30	2	12	29	41	36.5	0	0	12	5	20	25.9	45.9	50.9	1.8	2	10	0	R(2)	4- 0	12	0	1WR-C	E	10
OAA	"Detwiler,R*"	49	11	8	16.9	24.9	22.9	1.4	3	9	0	11	30.3	41.3	47.2	0.8	1	9	-3	S(5) R(3)	4- 0	0	13	1WR-B	E	10
HOA	"Devenski,C"	108	36	4	16.4	20.4	27.2	0	0	11	31	1	7.3	8.3	10.9	0	0	12	3	S(5) R(3) C(0)	3- 0	0	4	1WR-C	E	10
SEA	"Diaz,E"	52	51	10	7.9	17.9	15.4	1	1	0	51	1	17.6	18.6	22.4	1.5	1	0	3	R(1) C(5)	3- 0	7	20	1WR-D	E	10
CIN	"Diaz,J"	43	19	10	6.8	16.9	21.1	4.8	6	9	21	15	11.9	27	22	2.8	4	9	4	R(1)	5-51	0	20	1WR-C	E	10
TOA	"Dickey,R"	170	15	13	14.6	27.5	28.8	3.2	6	11	15	9	19.5	28.5	38.3	2.2	3	10	-6	S(6)	1- 8	2	6	1WR-D	E	12
TEA	"Diekman,J*"	53	14	13	10.2	23.2	20.8	0.2	0	6	47	19	2.5	21.5	5.6	0.8	0*	5	-5	R(1) C(3)	3- 0	0	12	1WL-C	E	10
SDN	"Dominguez,J"	36	7	34	13.3	47.3	13.9	0.2	0	11	5	2	14.3	16.3	28.7	3.4	6	9	9	R(2)	4- 0	0	12	1WR-C	E	10
OAA	"Doolittle,S*"	39	51	0	11.3	11.3	25.8	2.6	4*	0	33	4	15.9	19.9	40.5	3.6	8*	0	-2	R(1) C(3)	2- 0	0	5	1WL-C	E	10
MNA	"Duffey,T"	133	27	0	20.6	20.6	32.3	0.8	1	8	12	6	30	36	68	7	8	8	-5	S(5)	5-11	3	14	1WR-B	E	10
KCA	"Duffy,D*"	180	48	0	7.8	7.8	7.8	0	0	6	30	5	16.5	21.5	32.2	3.2	6	6	-5	S(6) R(3)	2-24	0	4	1WL-C	E	10
SLN	"Duke,Z*"	61	34	5	12	17	21.3	0	0	8	36	21	6.2	27.1	7.5	0	0	6	1	R(1) C(1)	2-24	0	14	1WL-C	E	10
OAA	"Dull,R"	74	26	0	5.8	5.8	17.5	3	5*	0	38	0	4.8	4.8	15.2	2.6	4*	0	-3	R(1) C(2)	2-39	0	20	1WR-C	E	10
MMN	"Dunn,M*"	42	20	0	27.3	27.3	36.8	2	4	2	27	13	17.9	30.9	28.6	2.2	5	2	-3	R(1)	3- 0	0	10	1WL-C	E	10
TEA	"Dyson,S"	70	14	14	15	29	16.2	0	0	12	24	5	7.2	12.2	8.4	0	0	12	3	R(1) C(6)	4- 0	0	9	1WR-C	E	10
CHN	"Edwards,C"	36	63	3	0.9	3.8	2.7	0.6	1*	2	53	18	2.5	20.5	10.2	2.5	4*	0	-2	R(1) C(1)	3- 0	0	20	1WR-C	E	13
PHN	"Eflin,Z"	63	0	4	22.9	26.9	56.5	7.3	8	7	10	5	20.1	25.1	40.2	1	1	7	4	S(6)	2-46	0	3	4WR-D	E	10
PHN	"Eickhoff,J"	197	16	3	21.1	24.1	38	3	4	9	30	2	11.8	13.8	22.7	1.8	3	7	0	S(6*)	2- 7	4	6	1WR-D	E	12
MMN	"Ellington,B"	33	11	19	19	38	28.4	0	0	6	41	10	7.3	17.3	11	0	0	8	3	R(1)	3- 0	11	20	1WR-C	E	10
NYA	"Eovaldi,N"	125	19	13	18.9	31.9	41.7	4	5	5	15	3	17.9	20.9	31.1	2.6	3	5	-6	S(5) R(3)	2-11	0	8	1WR-C	E	12
CON	"Estevez,C"	55	26	16	5.7	21.7	8.5	0	0	0	32	13	17.5	30.5	35.3	3.2	5	0	7	R(1) C(3)	3-51	0	11	1WR-C	E	10
TOA	"Estrada,M"	176	26	11	5.3	16.3	12.1	1.6	2	0	27	11	9.9	20.9	23.4	2.4	3	0	1	S(6)	3- 0	0	6	1WR-C	E	10
NYN	"Familia,J"	78	34	2	15.3	17.3	25.5	0	0	10	35	15	6.7	21.7	6.7	0	0	10	4	R(1) C(6)	4- 0	0	8	1WR-C	E	10
TBA	"Farquhar,D"	35	47	3	12.6	15.5	38.8	8.8	8	0	34	17	11.6	28.6	27.1	3.2	6	0	0	R(1)	2-40	0	5	1WR-C	E	12
TOA	"Feldman,S"	77	10	9	32.6	41.6	47.3	1.6	3	4	18	0	19.9	19.9	33.9	1.6	3	4	6	S(5) R(3)	4-19	0	0	1WL-C	E	10
HOA	"Feliz,M"	65	43	10	14.4	24.4	25.1	3	5	0	48	9	8.9	18	15.7	2.3	4	0	4	R(2)	4- 0	0	20	1WR-C	E	10
PIN	"Feliz,N"	54	34	7	7.5	14.5	23.8	4.5	7*	11	42	15	8.2	23.2	23.8	3.8	7*	4	0	R(1) C(1)	3- 0	0	13	1WR-C	E	10
MMN	"Fernandez,J"	182	42	10	16.6	26.6	24.7	0.8	1	3	54	3	11.4	14.4	15.8	0.2	0	3	-2	S(6)	3-16	2	11	4WR-A	E	12
LAN	"Fields,J"	35	25	8	29.6	37.6	51.5	0	0	5	38	2	26.5	28.5	48.7	3.2	6	0	2	R(1)	4- 0	0	0	1WR-C	E	10
LAN	"Fien,C"	39	35	0	18.8	18.8	60.7	9.4	8	4	14	3	25.1	28.1	58.7	10	8	4	-1	R(1)	3- 0	0	5	1WR-C	E	10
HOA	"Fiers,M"	169	20	3	25.1	28.1	38.4	2	2	0	18	5	25.3	30.3	47.5	3.6	5	0	-3	S(5)	1- 8	0	20	1WR-C	E	12
CIN	"Finnegan,B*"	172	12	18	12.3	30.4	17.5	0.4	0	7	22	14	11.8	25.9	26.6	3.8	6	7	2	S(6)	3- 8	4	7	1WL-D	E	10
HOA	"Fister,D"	180	7	10	32.8	42.8	56.4	3.8	6	9	14	7	15.9	22.9	22.1	0	0	8	-3	S(6)	2-16	0	12	1WL-D	E	14
TOA	"Floyd,G"	31	25	8	4.9	12.9	12.7	2.6	5	4	35	2	13.2	15.2	28	1.4	2*	6	5	R(2)	2- 0	0	20	1WR-C	E	10
KCA	"Flynn,B*"	55	18	14	6.7	20.6	13.6	2	4	11	21	15	7.6	22.6	11.8	0.6	1	12	-3	R(2)	2-51	0	20	1WL-C	E	10
ATN	"Foltynewicz,M"	123	26	9	15.4	24.5	33.2	3	5	2	22	3	23	26	36	2.6	4	2	-6	S(6)	2- 0	3	20	2WR-A	E	10
SDN	"Friedrich,C*"	129	22	6	14.4	20.4	28.1	3	5	1	13	12	18.1	30.1	28.9	0.8	0	1	-6	S(5)	2-11	0	11	1WR-D	E	10
DEA	"Fulmer,M"	159	18	7	13.1	20.1	19	0.8	0	11	27	4	14.9	19	27.8	2.4	3	11	-1	S(6)	5- 8	3	0	1WR-D	E	10
BAA	"Gallardo,Y"	118	20	22	17.3	39.3	27.3	2	2	8	7	12	21.8	33.8	38	1.8	3	8	-1	S(5)	3- 0	0	10	3WR-B	E	12
ATN	"Gant,J"	50	26	13	15.1	28.1	31.4	1.4	2	5	27	6	29.8	35.8	52.7	3.4	7	2	1	S(5) R(3)	3- 0	0	17	1WR-A	E	10
SLN	"Garcia,J*"	172	25	1	17.1	18.1	32.2	2.4	4	11	19	8	17.9	25.9	32.5	2.4	5	12	4	S(6) R(4)	3-26	0	10	2WL-A	E	14
TBA	"Garton,R"	39	21	9	28.9	37.9	42.1	2.4	3	5	19	0	19.8	19.8	25.5	1.6	2	5	-2	R(1) C(0)	4-36	0	11	1WR-C	E	10
MLN	"Garza,M"	102	5	12	21.5	33.5	33.4	2.2	2	2	16	4	23.5	27.4	36.3	0.6	0	2	-1	S(5)	4-42	0	5	1WR-B	E	12
BAA	"Gausman,K"	180	29	2	14.6	16.6	24.2	1.8	3	9	26	8	23.3	31.3	35.8	3	5	6	-2	S(6)	3-16	0	9	1WL-C	E	10
SFN	"Gearrin,C"	48	17	17	7.4	24.5	11	0.6	1	12	29	2	18.1	20.1	28.8	0.8	2	12	9	R(1) C(2)	4- 0	0	4	3WR-D	E	10
KCA	"Gee,D"	125	11	9	27.8	36.8	37.3	2.8	6	4	15	2	24.6	26.6	40.3	4.8	8	4	-1	S(5) R(4)	3-35	3	1	1WR-B	E	10
CON	"Germen,G"	41	0	32	24.7	56.7	43.8	0	0	4	33	7	9.4	16.5	23.6	3.2	5	5	-3	R(2) C(0)	3- 0	0	20	1WR-C	E	10
MNA	"Gibson,K"	147	10	9	29.4	38.4	41.9	1.6	3	12	15	9	18.8	27.8	30.8	2.4	3	12	-1	S(6)	3- 0	0	13	1WR-D	E	10
HOA	"Giles,K"	66	48	10	14.1	24.1	19.4	0	0	0	37	11	19	30	43.3	3.2	5	0	4	R(1) C(4)	4- 0	0	20	1WR-C	E	10
BAA	"Givens,M"	75	18	22	25.8	47.8	41.3	1.6	3	3	53	13	2.5	15.6	4.8	0	0	2	7	R(1)	2- 0	0	8	1WR-C	E	10
ARN	"Godley,Z"	75	24	12	20.1	32.2	40	2.6	5	0	11	0	25	25	40.2	3.2	5	1	-1	S(5) R(3)	2-39	0	14	1WR-B	E	10
NYN	"Goeddel,E"	36	30	16	9.1	25.1	19.1	2.6	3	0	23	7	13.8	20.8	31.1	2.4	3	0	-2	R(2)	3-40	0	20	1WR-C	E	10
PHN	"Gomez,J"	69	4	11	23.2	34.2	39.4	2	3	11	18	3	29.4	32.4	33.8	0	0	11	-3	R(1) C(6)	3-21	0	9	1WR-C	E	10
WAN	"Gonzalez,G*"	177	18	6	17.8	23.8	26.3	0	0	6	27	9	18.6	27.6	29.1	1.8	3	7	3	S(6)	4- 8	0	8	2WR-B	E	10
CHA	"Gonzalez,M"	135	16	9	13	22	22.2	1.4	1	6	13	0	22.4	22.4	32	0	0	6	3	S(6)	3- 0	0	4	1WR-C	E	10
PHN	"Gonzalez,S"	35	4	3	25.9	28.9	51.9	5	8	0	45	0	26.8	26.8	51.1	0	0	0	-2	R(2)	3- 0	11	0	1WR-C	E	10
OAA	"Graveman,K"	186	8	7	22	29	34.3	1	2	9	6	0	22.4	22.4	33.3	2.6	4	9	-3	S(6)	3- 0	0	1	1WR-B	E	10
CON	"Gray,J"	168	37	7	14	21	24.1	2.2	2	1	32	12	16.2	28.2	26.3	0.8	1	3	-1	S(6)	4- 8	0	9	2WR-B	E	10
OAA	"Gray,S"	117	20	4	25.5	29.5	38	1	2	5	14	14	19.6	33.5	42.5	3.8	8	5	-2	S(6)	3-12	0	20	1WR-B	E	10
NYA	"Green,C"	46	31	7	22.8	29.8	64.1	11.7	8	3	34	9	19.4	28.4	28.9	2	1	4	2	S(5) R(3) C(0)	3- 0	0	4	1WL-C	E	10
DEA	"Greene,S"	60	24	6	25.8	31.8	40.3	0	0	3	33	14	13.1	27	13.1	0	0	4	3	S(5) R(3) C(1)	3- 0	0	0	1WR-C	E	10
HOA	"Gregerson,L"	58	22	18	9.6	27.5	26.7	2.4	4*	8	61	0	2.9	2.9	6.4	0	0*	7	9	R(1) C(3)	2- 0	0	20	1WL-C	E	10
ARN	"Greinke,Z"	159	24	2	17	19	34	3	4	4	17	7	20.3	27.3	33.2	1.8	3	4	-2	S(6)	1-10	0	0	3WR-C	D	14
TEA	"Griffin,A"	119	24	11	16.5	27.5	48.5	8	8	4	23	11	7	18	14.7	2.4	4	7	-1	S(5)	3- 0	3	0	1WR-C	E	10
TOA	"Grilli,J"	59	39	27	4.1	31.1	16.1	3.8	6*	1	50	13	8.6	21.6	26.6	2.4	4*	0	-2	R(1) C(2)	2-24	0	7	1WR-C	E	10
CHN	"Grimm,J"	53	43	4	23.6	27.6	33.4	1	1	0	34	18	9.6	27.5	18.2	1.2	1	0	0	R(1)	3- 0	0	20	1WR-C	E	10
NYN	"Gsellman,R"	45	39	12	11.3	23.3	16.8	0	0	4	19	4	25.1	29.1	27.1	0	0	4	-3	S(6) R(4)	3- 0	0	4	1WR-D	E	13
LAA	"Guerra,D"	53	15	0	14.3	14.3	18.5	0.4	0	12	10	0	22.8	22.8	41.8	2.6	4	8	-3	R(2)	3- 0	8	8	1WR-C	E	10
MLN	"Guerra,J"	122	24	12	7.1	19.1	15.8	1.8	0*	9	19	8	15.8	23.8	27.9	0.8	0	9	0	S(6)	3-24	3	13	4WR-A	E	10
OAA	"Hahn,J"	46	2	5	34.8	39.8	70.7	10.8	8	12	2	16	19.5	35.5	20.4	0	0	12	9	S(5)	4- 0	0	9	1WR-C	E	12
TEA	"Hamels,C*"	201	21	14	4.9	18.9	9.6	1.4	2	8	30	10	11.7	21.7	17.5	1.2	2	8	7	S(7*)	3-22	2	4	1WL-D	E	14
CHN	"Hammel,J"	167	19	16	13.3	29.3	32.2	3	6	7	22	3	17	20	28.5	2.6	4	9	2	S(6)	3- 8	0	1	4WR-A	E	10
SDN	"Hand,B*"	89	50	14	0	14	0	0	0*	3	36	8	12.2	20.2	23.1	2	2	2	5	R(2) C(0)	3-16	0	18	1WL-C	E	12
TOA	"Happ,J*"	195	15	8	16.9	24.9	23	1.2	1	12	23	8	10.6	18.5	19.5	2	2	12	-2	S(6*)	2- 0	4	3	3WL-B	E	10
TEA	"Harrell,L"	47	21	15	11.3	26.3	23.3	2.4	3	6	11	21	21.7	42.7	28.2	0	0	7	5	S(6)	3-31	0	20	1WS-D	E	10
HOA	"Harris,W"	64	46	2	11.6	13.6	13.8	0	0	9	28	6	16.5	22.5	18	0	0	8	9	R(1) C(3)	4- 0	0	15	1WR-C	E	10
NYN	"Harvey,M"	93	19	6	31.3	37.3	49.9	1	0	7	18	3	25.4	28.4	34.5	1.2	1	7	0	S(6)	2-16	0	9	2WR-D	E	12
LAN	"Hatcher,C"	41	30	16	1.6	17.6	1.6	0	0*	10	28	11	25.9	36.9	63.9	7.3	8	0	2	R(2)	3-36	0	20	3WR-C	E	10
PHN	"Hellickson,J"	189	17	9	17.6	26.6	30.3	2.2	2	12	24	0	15.5	15.5	31.8	2.4	3	12	0	S(6)	2- 0	2	7	2WR-A	E	13
BOA	"Hembree,H"	51	11	7	33.5	40.5	46.2	1.2	3	0	29	7	7.6	14.6	15.2	1.2	2	0	9	R(2)	4-28	0	0	1WR-C	E	10
NYN	"Henderson,J"	35	38	10	12.7	22.6	27.9	2.8	4	0	31	13	12.1	25.1	32.8	4.2	8	0	5	R(1)	4-42	9	0	1WL-C	E	10
CHN	"Hendricks,K"	190	28	1	14.7	15.7	22	0.6	1	8	26	6	9.8	15.9	15.1	1	1	8	0	S(6)	2- 0	0	6	2WR-B	E	14
OAA	"Hendriks,L"	65	44	3	16	19	22	0.2	1	5	28	0	31	31	42.2	1.2	2	5	9	R(2)	4- 0	0	10	1WR-C	E	10
PHN	"Hernandez,D"	73	29	13	16.1	29.1	34.3	4.8	7	0	32	8	24.8	32.8	33.5	0.6	0	2	0	R(2) C(0)	4- 0	0	18	1WR-C	E	10
SEA	"Hernandez,F"	153	15	13	16.5	29.5	27.9	1.8	2	11	21	14	10.6	24.6	20	2	2	10	4	S(6)	4-19	0	8	1WR-B	E	10
KCA	"Herrera,K"	72	38	3	11.8	14.8	17	0	0	1	50	0	14.9	14.9	26.1	1.6	3	1	-2	R(1) C(4)	2- 0	0	9	1WR-C	E	10
LAN	"Hill,R*"	110	16	0	9.5	9.5	13.5	0	0	6	47	11	5	16	5.6	0	0	6	0	S(6)	2-26	0	0	1WL-D	E	10
KCA	"Hochevar,L"	37	45	12	6.7	18.7	12.8	0.2	0	0	29	0	18.9	18.9	47.1	6.3	8	0	8	R(1)	3- 0	0	12	1WR-C	E	10
CON	"Hoffman,J"	31	0	14	20.4	34.4	35.2	2.8	4	16	24	17	18.9	35.9	40.5	4.8	7	4	-2	S(5) R(3)	3-46	0	20	1WR-B	E	10
TEA	"Holland,D*"	107	21	5	19	24	19	0	0	4	6	7	21.4	28.4	36.7	2.6	4	3	-2	S(5) R(3)	2-27	0	3	3WS-D	E	10
LAN	"Howell,J*"	51	22	0	30.8	30.8	38.8	1.2	2	4	19	8	21	29	25.2	0.2	0	4	-3	R(1)	3- 0	0	13	1WL-C	E	10
ARN	"Hudson,D"	60	18	8	22.3	30.3	34.7	1.6	1	0	30	6	18.7	24.7	29.5	0.8	1	0	0	R(1) C(3)	3-48	0	18	1WR-C	E	10
PIN	"Hughes,J"	59	0	0	22.9	22.9	50.7	1.6	3	10	19	14	20.4	34.3	25.5	0.8	2	11	5	R(1) C(0)	4- 0	0	18	1WR-C	E	10
MNA	"Hughes,P"	59	8	13	34.5	47.5	43.1	1.2	1	7	4	0	23.1	23.1	43.6	4.6	8	7	-5	S(5)	3- 0	0	0	1WR-C	E	10
BAA	"Hunter,T"	34	12	0	32.5	32.5	40.7	0	0	12	14	8	17.2	25.2	22.2	0	0	12	9	R(1)	5- 0	0	0	1WR-C	E	10
CIN	"Iglesias,R"	78	18	5	20.6	25.6	36.2	2.6	2	0	47	10	4.6	14.6	4.6	0	0	0	-4	S(5) R(3) C(3)	3-18	5	8	1WR-D	E	10
SEA	"Iwakuma,H"	199	15	0	27.4	27.4	39.5	1.8	3	12	18	5	21.6	26.6	36.6	2.8	4	10	-1	S(6*)	3- 0	0	4	1WR-B	E	10
SDN	"Jackson,E"	84	11	21	13.9	34.9	24.6	1.2	1	9	14	8	23.5	31.5	48.5	4.3	8	4	-2	S(6) R(3)	4-34	0	15	3WR-B	D	14
LAN	"Jansen,K"	69	68	0	9.1	9.1	18	0.6	0*	0	69	0	0	0	0	0	0*	0	0	R(1) C(6)	4-21	0	3	1WS-C	E	10
TEA	"Jeffress,J"	58	19	1	28.8	29.8	42.6	0	0	12	13	9	10.4	19.4	10.4	0	0	12	-3	R(1) C(6)	4- 0	0	12	1WR-C	E	10
ATN	"Jenkins,T"	52	2	33	15.9	48.8	25.7	2.4	4	8	0	16	18.6	34.6	45.9	6	8	9	-2	S(5) R(3)	3- 0	0	3	1WR-B	E	12
CHA	"Jennings,D*"	61	21	19	10.2	29.2	20.8	0	0*	11	14	14	20.3	34.3	25.1	0	0	11	-4	R(2) C(0)	2-24	0	14	1WL-C	E	10
TBA	"Jepsen,K"	50	11	7	29.8	36.8	79	15.3	8	12	13	13	24.8	37.8	42.3	2	2	10	-1	R(1) C(3)	3- 0	0	17	1WR-C	E	10
BAA	"Jimenez,U"	142	25	15	22.6	37.6	39.8	2.4	4	0	16	16	15.4	31.3	19	0	0	4	9	S(5) R(3) C(0)	5-20	2	7	1WR-C	E	10
SDN	"Johnson,E"	31	17	3	24.9	27.9	80	15.3	8	11	1	13	39.6	52.6	89.7	12.9	8*	10	-1	S(5)	4- 0	0	0	1WR-B	E	10
ATN	"Johnson,J"	65	40	6	11.5	17.5	18.2	0	0	11	25	10	18.6	28.6	23.9	0	0	11	-3	R(1) C(5)	3- 0	0	13	1WR-C	E	10
CHA	"Jones,N"	71	56	1	7.1	8.1	19.5	2.8	4*	4	33	2	3.8	5.8	6.2	0.6	0	7	-4	R(1) C(2)	2-20	0	20	1WR-C	E	10
SEA	"Karns,N"	94	38	18	7.2	25.2	13.6	0.8	1	0	24	11	26	37	43.2	2	3	2	9	S(5) R(3) C(0)	4-31	3	11	1WR-C	E	10
LAN	"Kazmir,S*"	136	13	7	13	20	20.9	1.8	3	1	27	10	18.4	28.4	35.3	3	4	1	0	S(5)	3- 0	0	7	1WL-B	E	12
TEA	"Kela,K"	34	50	14	6.6	20.5	14.6	1.2	1	0	27	18	11.4	29.4	31	4.1	7	4	-2	R(1)	3- 0	11	12	1WR-C	E	10
WAN	"Kelley,S"	58	44	3	12.8	15.8	39.5	6.8	8*	0	61	0	6	6	17.1	2.2	3*	0	0	R(1) C(3)	3- 0	0	8	1WR-C	E	10
BOA	"Kelly,J"	40	18	31	13.6	44.6	29.1	4.6	8	0	35	14	22.8	36.8	37.1	0	0	0	-3	S(5) R(3)	3-36	0	0	1WR-C	E	12
KCA	"Kennedy,I"	196	25	8	12.1	20.1	27.7	3.2	6	1	29	10	16.6	26.6	27.9	3.6	7	1	1	S(6*)	3- 0	0	4	1WR-C	E	10
LAN	"Kershaw,C*"	149	53	0	0	0	0	0	0*	10	40	0	6.7	6.7	10.4	0	0	10	-4	S(7)	3-10	9	8	2WL-B	E	14
HOA	"Keuchel,D*"	168	21	1	23.9	24.8	31.5	0.2	0	8	22	8	24	32	40.8	1.8	3	5	-3	S(6)	1- 0	0	12	1WL-C	E	13
BOA	"Kimbrel,C"	53	58	18	0.8	18.8	3.2	0.8	1*	0	53	25	0	25	0	0	0*	0	0	R(1) C(6)	3- 0	0	20	1WR-C	E	10
MNA	"Kintzler,B"	54	7	0	15.9	15.9	26.5	2.2	3	12	14	0	26.2	26.2	32.6	0	0	12	-6	R(1) C(5)	2- 0	0	0	1WR-C	E	10
CLA	"Kluber,C"	215	29	6	12.7	18.7	21.7	1	1	8	41	6	8	14	19	2	2	9	-2	S(7*)	2- 7	2	5	3WR-B	E	12
MLN	"Knebel,C"	33	44	5	6.2	11.1	11	0	0	0	26	17	25.7	42.7	37.8	2	2	0	7	R(1) C(1)	3-44	0	6	1WR-C	E	10
MMN	"Koehler,T"	177	25	15	16.8	31.8	28	2	4	2	12	12	19.9	31.9	32.5	1.8	4	3	1	S(6)	5- 8	0	11	1WR-D	E	10
SFN	"Kontos,G"	53	16	14	15.1	29.1	15.1	0	0	12	9	6	10.1	16.1	14.6	0	0	12	9	R(2)	3- 0	0	4	1WR-C	E	10
ATN	"Krol,I*"	51	32	0	29.8	29.8	38.9	0.2	0	1	34	4	19.2	23.2	22.7	1	2	2	3	R(1)	2-28	0	20	1WL-C	E	10
PIN	"Kuhl,C"	71	9	6	26.3	32.3	44.1	1.8	3	6	21	6	16	22	28.5	0.4	1	6	0	S(6)	2- 0	0	6	1WR-D	E	10
CHN	"Lackey,J"	188	25	11	16.7	27.7	24.4	0.6	1	4	34	5	8.2	13.2	18	3	5	4	2	S(6)	5- 0	0	4	1WR-B	E	10
CIN	"Lamb,J*"	70	15	12	24.1	36.1	30.7	2.2	2	3	16	13	25.5	38.5	47	4.3	6	4	6	S(5)	4- 0	4	2	1WL-C	E	10
WAN	"Latos,M"	70	4	15	11.3	26.3	28.2	3.2	6	0	10	9	26	35	35.1	1.8	2	3	9	S(5) R(3)	3- 0	0	2	6NR-C	E	13
SFN	"Law,D"	55	29	0	7.9	7.9	14.4	0	2	9	24	6	15.1	21.1	22.4	0	0	9	-3	R(1) C(0)	3- 0	0	4	1WR-D	E	10
NYA	"Layne,T*"	45	21	14	11.9	26	11.9	0	0	4	22	13	16.5	29.5	24.8	0	0	4	-3	R(1) C(0)	2-31	0	10	1WL-C	E	10
SLN	"Leake,M"	177	16	0	19.5	19.5	34.9	3.2	5	5	11	0	30.1	30.1	40.2	0.6	0	5	4	S(6)	2-33	0	8	2WR-C	E	10
PIN	"LeBlanc,W*"	62	12	0	14.2	14.2	33.1	3.2	6	12	23	2	16.2	18.2	43.8	5.8	8	12	-3	S(6) R(3) C(1)	3- 0	0	0	1WL-C	E	10
CHN	"Lester,J*"	203	32	2	11.7	13.7	19.5	0.8	2	10	29	6	11.6	17.6	18	1.8	2	10	8	S(7*)	5- 0	0	4	1WL-A	E	13
TEA	"Lewis,C"	116	7	7	11.4	18.4	21.4	2.8	4	6	15	2	13.5	15.5	28.3	3.4	6	7	8	S(6)	4-12	0	1	1WR-C	E	10
LAN	"Liberatore,A*"	43	28	6	7.4	13.4	14.8	0	0	4	43	10	17.5	27.5	27.1	0	1	1	2	R(1)	5- 0	0	6	1WL-C	E	10
LAA	"Lincecum,T"	38	14	9	39.5	48.5	53.5	2.6	5	2	0	25	44.8	69.8	89.4	10.3	8*	0	9	S(5)	4- 0	0	14	1WL-C	E	14
TOA	"Liriano,F*"	163	26	12	13.9	25.9	26.9	2.6	4	7	28	18	13.8	31.8	25.1	2.8	5	6	2	S(6) R(3)	2-36	0	11	8NL-D	E	10
PIN	"Locke,J*"	127	6	3	25.1	28.1	38.4	2	3	9	4	8	26.8	34.8	46	2	4	8	0	S(5) R(3)	2-23	0	11	1WL-A	E	13
CON	"Logan,B*"	46	50	8	1.6	9.6	3.2	0	0*	6	34	11	9.1	20.1	25.4	3.6	5*	7	-3	R(1) C(0)	3-31	0	20	1WR-C	E	10
WAN	"Lopez,R"	44	28	16	9.3	25.3	22.4	3.2	6*	0	19	12	32.6	44.6	50.9	0	0	0	0	S(5) R(4)	3- 0	0	20	1WR-B	E	10
CIN	"Lorenzen,M"	50	14	7	9.4	16.5	9.4	0	0	17	38	3	17.2	20.2	28.1	3	5	6	-2	R(2)	3-28	16	9	6NR-C	E	14
DEA	"Lowe,M"	49	34	11	15.8	26.8	42	4.3	8*	0	20	11	27.3	38.3	55.5	5.5	8	0	-3	R(1)	3- 0	0	8	1WL-C	E	10
NYN	"Lugo,S"	64	12	13	3.7	16.6	11.6	1.8	3*	9	21	3	11.7	14.7	19.8	0.8	1	9	-2	S(5) R(3)	3- 0	6	3	3WR-D	E	10
CON	"Lyles,J"	59	0	18	26.7	44.7	41.8	0.6	0	7	9	10	22.7	32.7	28.9	0	0	7	4	S(5) R(3) C(0)	5-24	0	17	1WR-D	E	13
SLN	"Lyons,T*"	48	19	7	4.1	11	12.9	2.4	4*	12	35	7	8.8	15.8	29.5	6	8*	13	1	R(3)	3- 0	0	10	1WL-C	E	10
OAA	"Madson,R"	65	17	4	14.1	18	25.1	3	6	9	18	7	19.9	26.8	24.5	0	0	10	9	R(1) C(5)	4- 0	5	14	1WL-C	E	10
LAN	"Maeda,K"	176	20	9	16.3	25.3	26.3	2	2	4	40	2	12.5	14.5	17.7	1.6	2	5	0	S(6)	1-24	0	7	6NR-A	E	14
OAA	"Manaea,S*"	145	34	0	5.8	5.8	14.6	2.2	4	7	21	6	18.3	24.3	32.2	2.2	5	7	-6	S(6)	3-10	0	4	1WR-D	E	10
SLN	"Maness,S"	32	5	3	15.4	18.4	18.4	1	1	9	1	1	26.8	27.8	50.8	0	0	9	0	R(2)	2-51	0	14	1WR-C	E	10
CLA	"Manship,J"	43	9	5	16.1	21.1	38.7	3.8	7*	9	24	21	10.7	31.7	18.7	2	3	11	-3	R(1)	3- 0	0	0	1WR-C	E	10
MLN	"Marinez,J"	62	20	4	18.2	22.2	29.9	0.8	0	8	18	9	20	29	26.8	0	0	8	2	R(2)	3- 0	0	14	1WR-C	E	10
SLN	"Martinez,C"	195	19	14	14.3	28.3	21.3	1.4	2	12	29	5	8.4	13.4	9.1	0	0	12	3	S(6)	3-22	0	9	4WR-A	E	14
TEA	"Martinez,N"	39	0	19	16.9	35.9	40.4	4.8	8	11	0	9	15.4	24.4	23.9	1.6	2	13	7	S(5) R(3)	3- 0	0	0	1WL-C	E	13
NYN	"Matz,S*"	132	19	2	22.8	24.8	34	1.2	1	4	31	4	17.3	21.3	24.4	1.8	2	4	7	S(6)	3-11	2	4	2WR-A	E	13
SDN	"Maurer,B"	70	37	10	7.4	17.4	13.4	0.4	1	0	23	0	20.4	20.4	37.5	1.8	2	0	-1	R(1) C(3)	3-21	0	9	1WR-C	E	10
MNA	"May,T"	43	50	19	1.6	20.7	6.5	1.6	3*	0	46	6	19.3	25.3	46.2	3.2	6*	0	4	R(1) C(0)	2-34	0	20	1WR-C	E	10
CLA	"McAllister,Z"	52	21	9	14.3	23.3	22.3	1.6	2	0	34	14	18.7	32.7	34.7	1.6	1	0	9	R(1)	4- 0	0	12	1WR-C	E	10
LAN	"McCarthy,B"	40	31	27	7.8	34.8	11.9	0	0	7	36	22	7.1	29.1	13.6	0	0*	5	5	S(5) R(3)	3- 0	0	11	1WR-D	E	10
HOA	"McCullers,L"	81	35	13	23	36	33.5	0	0	1	30	24	14.8	38.8	19.3	0	0	3	-5	S(5)	2- 0	10	20	3WL-C	E	10
CON	"McGee,J*"	46	24	10	28.5	38.5	50.3	0	0	7	12	6	23.6	29.6	45.7	6.3	8	7	-1	R(1) C(4)	4- 0	0	18	1WL-C	E	10
MMN	"McGowan,D"	67	15	15	15.7	30.7	37.7	3.2	6	7	34	11	2.5	13.5	5.7	0.4	1	7	5	R(2) C(0)	4-21	0	13	1WR-D	E	10
HOA	"McHugh,C"	185	28	7	26.9	33.9	39.4	1.6	3	6	24	5	22.9	27.9	38.5	2.2	4	6	-2	S(6)	3- 0	0	10	1WR-C	E	10
WAN	"Melancon,M"	71	35	4	12.1	16.1	14.1	0	0	9	23	0	7.8	7.8	8.8	0	0	9	0	R(1) C(6)	3- 0	0	14	1WR-C	E	10
OAA	"Mengden,D"	72	24	15	27.3	42.3	47.1	0.4	1	0	23	11	27	38	40.3	2.4	5	0	-4	S(5)	2- 0	0	14	1WR-C	E	10
BAA	"Miley,W*"	166	18	10	15.9	25.9	29	1.6	1	9	20	5	26.6	31.6	42.5	3	4	10	-5	S(6)	2- 0	5	10	2WL-B	E	10
CLA	"Miller,A*"	74	66	0	5.9	5.9	18	3.2	5*	0	76	0	1	1	4	1	1*	0	-2	R(1) C(4)	4- 0	0	3	1WL-C	E	10
CON	"Miller,J"	43	22	15	26.8	41.8	65.9	4.3	7	0	30	15	21.5	36.5	31.5	0.6	0	1	6	R(2)	4- 0	7	14	1WR-C	E	10
ARN	"Miller,S"	101	8	12	28.2	40.2	46.8	2.2	4	4	13	7	23.5	30.5	35	1.4	2	4	2	S(5)	4- 0	0	5	1WR-C	E	13
MNA	"Milone,T*"	69	11	2	20.6	22.6	47.1	8	8	5	12	6	23.9	29.9	40.4	3.6	6	5	1	S(5) R(3)	2- 0	5	9	3WL-C	E	10
SEA	"Miranda,A*"	58	16	14	18.6	32.7	38.9	1.2	2*	11	19	7	7.8	14.8	27.1	5.6	8*	11	-4	S(6) R(3)	3-26	0	8	1WL-C	E	10
CHN	"Montgomery,M*"	100	27	14	6.6	20.5	13.1	1	0	11	26	10	15.1	25.1	25.3	1	0	10	-3	S(5) R(3)	2-30	0	20	1WL-D	E	10
SFN	"Moore,M*"	198	25	7	17.2	24.2	25.4	2.4	3	0	23	11	15.6	26.6	24.1	2	3	0	-4	S(6*)	3- 7	2	6	1WL-C	E	12
PHN	"Morgan,A*"	113	22	8	20.3	28.3	33.1	1.6	3	4	16	1	30.3	31.3	55.6	4.3	7	0	0	S(5) R(3)	2-51	0	3	1WL-B	E	10
LAA	"Morin,M"	56	19	16	17.8	33.8	24.3	1.2	1	0	27	0	19.1	19.1	27.2	1.8	2	1	-6	R(1)	2- 0	8	3	1WR-C	E	10
KCA	"Moylan,P"	45	8	25	24.1	49.1	40.9	5.6	8	7	21	4	15.8	19.8	17.8	0	0	13	-2	R(1)	2-51	0	15	1WR-C	E	10
PHN	"Murray,C"	32	42	13	13.4	26.4	24.5	2.8	3	0	14	9	25.9	34.9	52.4	4	7	5	1	R(2)	4- 0	0	20	1WR-D	E	10
HOA	"Musgrove,J"	62	22	10	21.4	31.4	44.5	2.8	4	7	27	2	15.4	17.4	32.7	2.2	4	4	-5	S(5)	3- 0	0	0	1WR-B	E	10
OAA	"Neal,Z"	70	0	0	11.9	11.9	26.8	2.6	5	12	0	0	23.3	23.3	40.7	1.4	3	12	0	S(5) R(3) C(1)	3- 0	5	6	1WR-D	E	10
MLN	"Nelson,J"	179	14	18	12.8	30.8	26	2.6	1	7	17	12	21.5	33.5	32	2.6	3	5	9	S(5)	4-40	0	9	1WR-C	E	10
PHN	"Neris,H"	80	49	10	9.1	19.1	17.9	2	2	0	42	9	7.1	16	15.9	1.8	2	3	2	R(1) C(1)	3- 0	5	11	1WR-C	E	10
HOA	"Neshek,P"	47	26	0	13.4	13.4	48.7	10.3	8*	0	32	0	5.1	5.1	11.7	0	0*	0	-2	R(1)	3-31	0	4	1WS-C	E	10
PIN	"Nicasio,J"	118	33	10	20.8	30.8	47.2	5.3	8	0	37	9	14.6	23.5	23.6	0	0	5	-3	S(5) R(3)	3-12	0	5	1WR-B	E	13
MMN	"Nicolino,J*"	79	4	0	27.2	27.2	40.5	0.4	0	6	0	6	31.9	37.8	42.7	1.4	3	6	5	S(5) R(3)	2-18	0	2	1WL-D	E	13
NYN	"Niese,J*"	121	19	12	26.6	38.6	49.3	2.6	3	7	9	8	23	31	44.2	5	8	5	-5	S(5) R(3)	2-12	0	19	1WL-C	E	14
PHN	"Nola,A"	111	27	8	15.7	23.7	25.7	1.6	2	0	38	0	28.9	28.9	38.5	0.4	0	0	-1	S(6)	3-13	0	7	1WR-D	E	10
LAA	"Nolasco,R"	198	9	5	18.3	23.3	31.4	1	1	12	21	2	22	24	36.6	3.2	5	13	-2	S(6*)	3-14	0	20	1WR-C	E	10
LAN	"Norris,B"	113	21	20	21.7	41.7	39.5	2.8	4	5	23	6	17.3	23.3	24.8	1.4	1	8	4	S(5) R(3)	3-13	0	13	3WR-A	E	13
DEA	"Norris,D*"	69	46	14	9.8	23.9	21.9	1.8	3	0	21	5	23.6	28.6	37.3	2.4	4	2	-3	S(5)	3-21	0	2	1WL-C	E	10
PIN	"Nova,I"	162	7	0	28	28	49.6	2.2	3	11	25	2	18.1	20.1	32.9	2.4	3	12	2	S(5) R(4) C(0)	5-18	0	14	2WR-C	E	12
SEA	"Nuno,V*"	59	20	0	28.4	28.4	46.7	2.8	5	4	23	0	23.1	23.1	39.7	4.1	7	4	-4	R(2)	4- 0	14	0	1WL-C	E	10
LAA	"Oberholtzer,B*"	70	16	6	22.3	28.3	43.3	5.5	8	1	11	13	23	36	46.1	4.5	8	3	0	S(5) R(3)	2-40	0	2	1WL-C	E	10
BAA	"O'Day,D"	31	42	7	14.8	21.8	37.5	4	6*	0	40	12	6.7	18.6	19.2	3.4	6*	0	0	R(1) C(2)	4- 0	0	0	1WR-C	E	10
TBA	"Odorizzi,J"	188	36	5	5.2	10.2	12.9	2	3	4	13	5	21	26	39.7	3.4	6	6	-5	S(6)	2-15	2	3	2WR-D	E	10
ATN	"Ogando,A"	32	13	22	22.5	44.5	33.3	0	8	4	24	20	16.3	36.3	23	0	0	7	9	R(1)	5- 0	0	19	1WR-C	E	10
SLN	"Oh,S"	80	35	0	2	2	2	0	0	8	57	5	6.1	11.1	11.2	1.2	2	0	0	R(1) C(4)	5-18	0	8	1WR-C	E	10
CIN	"Ohlendorf,R"	66	23	12	7.6	19.6	18.1	2.4	2	0	29	17	15.1	32.2	38.9	6.3	8	0	2	R(1) C(1)	5- 0	0	13	1WR-C	E	10
SFN	"Osich,J*"	36	21	5	6.2	11.1	16.1	2	4	7	0	30	18	48	51.8	9.3	8	7	7	R(1)	2-40	0	11	1WL-C	E	10
TOA	"Osuna,R"	74	37	0	12.7	12.7	28.5	3.8	7	3	45	0	6.3	6.3	10.4	0	0	4	3	R(1) C(6)	3- 0	5	13	1WR-C	E	10
CLA	"Otero,D"	71	29	0	8.1	8.1	17.9	0	0	12	19	0	13.5	13.5	14.5	0	0	12	-2	R(2) C(0)	3- 0	0	6	1WR-C	E	10
WAN	"Papelbon,J"	35	12	10	19.6	29.6	29.9	1.4	3	12	33	5	23.1	28.1	39.5	0	0	11	3	R(1) C(5)	4- 0	0	5	1WR-C	E	10
SEA	"Paxton,J*"	121	4	10	23.6	33.6	33.8	0.2	0	12	32	0	25.6	25.6	36	0.4	0	11	-3	S(6)	2-36	0	9	1WL-C	E	10
HOA	"Peacock,B"	32	32	17	6.5	23.5	19.8	3.4	6*	11	20	14	4.1	18.1	16.4	4.1	7*	11	2	S(5) R(3)	2- 0	0	15	1WR-C	E	10
SFN	"Peavy,J"	119	15	8	27.4	35.4	58.7	2.2	4	4	22	5	21.5	26.5	40.3	3.2	7	3	0	S(5) R(3)	2-12	3	7	3WR-B	E	10
DEA	"Pelfrey,M"	119	0	10	36.3	46.3	49	1.8	3	11	0	11	28	39	36.5	1.6	2	12	-1	S(5) R(4)	4- 0	0	4	1WR-C	E	10
MLN	"Peralta,W"	128	10	7	26.4	33.4	46.5	2.6	2	6	18	9	26.3	35.3	39.3	2.4	4	6	3	S(6)	3-34	0	0	6NR-D	E	10
SDN	"Perdomo,L"	147	9	2	26.1	28.1	39.2	4.3	8	11	14	7	28.2	35.2	42.8	1.4	1	11	1	S(6) R(3)	4-30	0	14	1WR-D	E	14
TEA	"Perez,M*"	199	18	16	4.6	20.6	7.4	0.2	0*	12	0	10	22.5	32.5	32	1	1	12	0	S(6*)	3- 7	4	2	3WL-B	E	10
WAN	"Perez,O*"	40	34	10	16.7	26.7	34	1.8	3*	6	33	17	17.5	34.6	25.3	1.4	2	3	2	R(1)	3- 0	0	20	4WL-C	E	10
ATN	"Perez,W"	54	9	4	25.4	29.4	35.8	2.4	5	8	0	2	18.5	20.5	32.1	1.8	3	8	-6	S(5)	4- 0	0	16	1WR-D	E	10
WAN	"Petit,Y"	62	13	6	23.9	29.9	62.1	7.8	8*	3	20	0	21.3	21.3	31	2.6	4	2	2	R(3) C(0)	4-24	6	10	1WR-D	E	10
MMN	"Phelps,D"	87	34	20	11	31	18.3	1.4	3	4	57	6	4.6	10.6	6.6	0	0	5	1	S(5) R(3) C(2)	2-50	4	0	2WR-C	E	10
NYA	"Pineda,M"	176	36	9	23.4	32.4	41.6	1.6	1	2	34	5	19.9	24.9	36.8	3.2	4	4	4	S(6)	3-16	0	8	1WR-C	E	10
BOA	"Pomeranz,D*"	171	24	13	13.2	26.2	23.9	0.2	0	3	37	10	6.6	16.6	17.1	2.8	4	2	-2	S(6)	3- 8	0	13	6NR-B	E	10
BOA	"Porcello,R"	223	24	0	13.8	13.8	20	0	1	7	23	0	14.8	14.8	26.3	2.4	3	7	0	S(7*)	5- 6	0	2	1WR-C	E	10
MNA	"Pressly,R"	75	26	16	14.4	30.4	20.6	0	0	0	20	0	20.4	20.4	36.3	3.2	6	0	-2	R(1) C(0)	3-19	0	20	1WR-C	E	10
BOA	"Price,D*"	230	20	0	24.9	24.9	43.1	2.8	5	5	32	4	18.1	22	29.2	2	3	5	-3	S(7*)	3- 0	0	3	1WL-D	E	10
SDN	"Quackenbush,K"	60	16	10	21.1	31.1	43.4	0.8	1	0	12	8	8.8	16.8	23.6	3	5*	0	5	R(2) C(1)	4- 0	0	7	1WR-C	E	10
CON	"Qualls,C"	33	2	10	23.4	33.4	56.5	3.4	5	0	10	1	30.8	31.8	46.4	2	2	0	3	R(1)	4-44	0	5	1WR-C	E	10
CHA	"Quintana,J*"	208	22	2	18.5	20.5	29.8	0.8	1	6	24	5	14.3	19.3	26	1.6	2	6	-4	S(6*)	2- 7	2	11	1WR-C	E	10
TBA	"Ramirez,E"	91	6	8	22.1	30.1	46	4.3	8	11	21	2	17.9	19.9	26.4	2	3	12	3	R(2) C(1)	3- 0	0	17	1WR-C	E	10
ATN	"Ramirez,Jo"	33	33	14	10.4	24.5	20.7	0	5*	0	29	15	11.8	26.8	25.7	0	0*	0	9	R(1)	5- 0	0	20	1WR-C	E	10
LAA	"Ramirez,JC"	79	16	2	18.2	20.2	25.2	1.2	2	0	17	8	18.7	26.7	30.1	3.8	7	0	2	R(2) C(1)	4-36	0	20	1WR-C	E	10
MMN	"Ramos,A"	64	34	16	9.6	25.6	13.6	0	0	2	38	20	14.1	34	14.1	0	0	0	3	R(1) C(6)	2- 0	0	20	1WR-C	E	10
TEA	"Ramos,C*"	48	3	12	20.2	32.2	40.5	5.5	8	12	6	11	28.5	39.5	57.5	5.5	8	12	2	S(5) R(3) C(0)	3- 7	0	0	1WL-C	E	10
PHN	"Ramos,E"	40	25	3	17	20	33.8	5.5	8	2	35	7	14.6	21.6	23.8	0	0	1	0	R(1)	5- 0	10	5	1WR-C	E	10
CHA	"Ranaudo,A"	31	5	22	11.4	33.5	28.5	3.8	7	0	2	18	20	38	60.7	12	8	0	-2	S(5) R(3)	3- 0	0	6	7NR-C	E	10
ARN	"Ray,R*"	174	45	5	19.2	24.2	32.8	1.2	1	0	32	12	18.1	30.1	29.8	2.2	4	6	1	S(5)	2-17	0	9	6NL-A	E	12
SDN	"Rea,C"	103	13	12	16.1	28.1	25.9	0.6	0	6	20	10	15.2	25.2	32.2	2.8	4	6	9	S(5)	5- 0	3	0	1WR-B	E	13
NYN	"Reed,A"	78	41	0	9.1	9.1	10.9	0	0	0	44	0	10.5	10.5	15.8	0	0	0	-6	R(1) C(0)	4- 0	0	12	1WL-C	E	10
CIN	"Reed,C*"	48	11	1	33.1	34.1	47.7	1.8	1	6	20	9	30.5	39.5	57.2	6	8	5	9	S(5)	4- 0	12	8	1WL-D	E	10
SLN	"Reyes,A"	46	19	14	11.3	25.3	24.3	0	0	0	49	19	1.9	20.9	3.3	0	0*	0	1	S(5) R(4) C(0)	2-51	9	15	1WR-C	E	10
SDN	"Richard,C*"	68	18	9	25.7	34.7	25.7	0	0	12	1	12	26.6	38.5	31.7	0	0	12	4	S(6) R(3) C(0)	2-51	0	9	1WL-A	E	12
LAA	"Richards,G"	35	26	10	9	19	13.8	0	0	8	28	15	19.9	34.9	34.3	0	2	7	9	S(6)	3-51	0	19	1WR-C	E	10
PIN	"Rivero,F*"	77	23	11	26.5	37.5	33.9	0.2	0	9	46	12	6.4	18.4	14.2	1.6	2	3	-5	R(2) C(0)	1-19	0	8	1WL-C	E	10
WAN	"Roark,T"	210	20	14	8.8	22.8	9.8	0	0	12	23	6	16.5	22.5	21.3	1.6	2	12	5	S(7*)	2- 7	2	6	1WR-A	E	13
CHA	"Robertson,D"	62	50	6	7.7	13.6	13.3	1.8	3	0	30	24	12.1	36	20.5	0	0	0	8	R(1) C(6)	3- 0	0	3	1WR-C	E	10
NYN	"Robles,H"	78	42	14	5.8	19.8	12.7	0.1	0*	4	28	14	18.6	32.7	32.3	1.6	2	4	4	R(2) C(0)	4- 0	0	8	1WR-D	E	10
MMN	"Rodney,F"	65	33	21	11.4	32.5	17.5	2	3	4	35	16	9.8	25.8	14.6	0	0	4	3	R(1) C(5)	3-22	5	17	1WR-C	E	10
CHA	"Rodon,C*"	165	37	0	16.1	16.1	25.5	1	0	5	26	9	19	28	29.2	2.2	4	7	6	S(6)	4- 8	2	14	1WL-D	E	10
BOA	"Rodriguez,E*"	107	34	8	17.9	25.9	25.4	0	0	0	22	11	13.1	24	28.7	3	5	0	-1	S(5)	2-13	0	0	1WL-C	E	10
OAA	"Rodriguez,Fe"	41	8	25	13.8	38.8	34.3	2.4	5*	11	38	9	2.2	11.2	3.6	0	0	10	-3	R(2)	4- 0	0	11	1WR-C	E	10
DEA	"Rodriguez,Fr"	58	11	2	8.1	10	20.7	3.4	6	9	37	19	10.3	29.3	18.8	0	0	6	0	R(1) C(6)	3-24	0	16	1WR-C	E	10
ATN	"Roe,C"	30	23	21	17.5	38.5	47.5	0.2	0*	7	61	10	2.2	12.2	2.8	0.2	0*	4	8	R(1)	4- 0	0	7	1WR-C	E	10
MNA	"Rogers,T*"	61	41	4	8.6	12.6	13.9	0	0	9	25	2	23.4	25.4	37.2	2.4	4	9	-1	R(2)	1-51	0	3	1WL-C	E	10
TBA	"Romero,E*"	46	25	23	18.2	41.3	30.6	1.8	3	2	32	19	7.8	26.9	16.9	3	6	0	-3	R(1) C(0)	3- 0	0	4	1WL-C	E	10
SFN	"Romo,S"	31	33	3	15.6	18.5	42.3	6.8	8	12	39	3	15.6	18.7	31.3	3.2	6	9	3	R(1) C(3)	2- 0	0	7	1WR-C	E	10
DEA	"Rondon,B"	36	47	8	3	11.1	6.9	0.8	0*	4	48	10	5.3	15.3	21.2	5.3	8*	4	5	R(1)	4- 0	10	6	1WR-C	E	10
CHN	"Rondon,H"	51	20	1	20.7	21.7	35.3	4.8	8	6	54	0	9.8	9.8	17.7	2.4	4	4	2	R(1) C(4)	3- 0	0	14	1WR-D	E	10
SLN	"Rosenthal,T"	40	25	30	17	47	17	0	0	0	31	19	21.7	40.6	27.3	0.6	0	0	2	R(1) C(4)	4- 0	0	0	1WR-C	E	10
BOA	"Ross,R*"	55	31	22	3.8	25.8	6.6	0	0	7	28	7	18.8	25.8	21.8	0	0	8	-4	R(2)	3- 0	0	20	1WL-C	E	10
WAN	"Ross,J"	105	18	8	29.9	38	36.3	0.4	1	6	28	2	14.5	16.5	22	1.2	1	6	0	S(6)	3-14	0	3	4WR-D	E	13
CON	"Rusin,C*"	84	26	0	22.3	22.3	37.5	1.2	2	8	17	6	19.7	25.7	31.5	0	0	8	-2	S(5) R(3)	3-17	0	10	2WL-D	E	13
DEA	"Ryan,K*"	56	26	5	15.1	20.1	23.1	0	1	12	0	0	16.8	16.8	28.3	0	0	12	2	R(1)	3-26	0	3	1WL-C	E	10
WAN	"Rzepczynski,M*"	48	37	4	21.3	25.3	27.4	0	0	8	12	26	11.4	37.4	16.9	0	0	10	3	R(1)	3-51	0	20	1WL-C	E	10
NYA	"Sabathia,C*"	180	29	12	10.9	22.9	20.9	1.8	2	10	18	9	19.4	28.4	26.6	1.6	2	10	-4	S(6)	4-31	2	1	1WL-D	E	10
NYN	"Salas,F"	74	35	0	14.6	14.6	31.4	3.6	6	8	15	11	10.6	21.6	25.3	2.8	5	9	1	R(1) C(3)	3- 0	0	2	1WR-C	E	10
CLA	"Salazar,D"	137	43	10	8.9	19	18.5	1.6	2*	3	33	18	16	34	25.1	1.8	2	0	-2	S(6)	5-11	9	14	1WR-D	E	10
CHA	"Sale,C*"	227	44	0	6.4	6.4	18.1	3.2	5	3	32	3	11.3	14.3	20.2	1.6	2	6	-3	S(7*)	4- 0	0	1	1WL-C	E	10
SFN	"Samardzija,J"	203	19	4	22.6	26.6	39.8	1.6	4	10	22	5	13.9	18.9	23.4	2	4	11	3	S(6*)	2- 7	0	1	2WR-D	E	13
CIN	"Sampson,K"	39	21	28	4.5	32.5	15.8	3.8	5	0	27	18	18	36	33.6	3.8	7	0	5	S(5) R(3)	3- 0	0	15	1WR-C	E	10
DEA	"Sanchez,An"	153	26	13	18	31	30.4	2.4	3	5	18	5	26.7	31.7	47.4	6	8	8	9	S(5) R(3)	4-19	4	9	1WR-D	E	10
TOA	"Sanchez,Aa"	192	24	14	9.6	23.7	15.5	1.2	2	6	19	4	15.4	19.4	21.4	0	0	6	0	S(7)	3-15	0	5	1WR-D	E	10
MNA	"Santana,E"	181	16	7	15.7	22.7	22.8	0.8	0	12	26	6	13.9	19.9	27.1	2.2	3	12	-4	S(6)	2- 8	7	14	1WR-C	E	10
MNA	"Santiago,H*"	182	16	18	10	28	21.4	3.8	7	2	17	13	13.4	26.4	31.5	3.4	5	4	-4	S(6)	2- 8	2	3	3WR-D	E	10
MLN	"Scahill,R"	35	7	1	28	29	41.3	0	0	4	25	8	12.3	20.3	12.3	0	1	4	-1	R(2)	3- 0	0	6	1WL-C	E	10
WAN	"Scherzer,M"	228	34	9	11.4	20.4	29.4	3	5*	0	58	0	5.9	5.9	14.3	2.2	4*	0	0	S(7*)	2- 6	2	1	3WR-A	E	13
PIN	"Schugel,A"	52	10	9	2.7	11.6	5.7	1	0	9	41	1	19.6	20.5	29	0.8	1	9	-2	R(2) C(0)	3- 0	0	9	1WR-B	E	10
NYA	"Severino,L"	71	23	7	22.3	29.3	32.9	1.4	1	9	23	10	23.4	33.4	46.6	3.2	4	7	-2	S(5) R(3)	2-40	0	9	1WR-C	E	10
CLA	"Shaw,B"	67	29	14	15.5	29.5	27.9	1.8	2	11	36	10	7.9	17.9	15.3	1.8	3	9	3	R(1) C(0)	4- 0	0	6	1WS-C	E	10
CHA	"Shields,J"	182	10	14	19.1	33.1	35	2.8	5	9	17	12	18.3	30.3	42.9	5.3	8	9	4	S(6)	3-31	0	11	2WR-A	E	10
ARN	"Shipley,B"	70	9	8	18.4	26.4	48	6.3	8	12	6	14	26.7	40.7	45	1.2	1	12	1	S(5) R(4)	3- 0	0	2	1WR-B	D	13
LAA	"Shoemaker,M"	160	21	0	23.1	23.1	35.8	0.8	1	4	28	2	22.9	24.9	34.8	2.2	3	4	3	S(6)	3-18	0	2	1WR-C	E	10
NYA	"Shreve,C*"	33	22	15	20.7	35.6	67.4	11.1	8*	0	30	10	10.1	20.1	27.3	3	4*	0	-2	R(1) C(0)	2- 0	0	0	1WL-C	E	10
SLN	"Siegrist,K*"	62	26	17	4	20.9	15.5	3.8	6*	5	39	10	3.4	13.3	13.1	3.2	6*	2	5	R(1) C(2)	3-23	0	19	1WL-C	E	10
CIN	"Simon,A"	59	7	8	37.2	45.2	67.1	6.3	8	0	5	18	29.6	47.7	41.3	2.6	5	4	1	S(5) R(4)	4- 0	0	9	1WR-A	E	10
HOA	"Sipp,T*"	44	15	14	22.4	36.3	47.1	4.8	8	13	23	10	26	36	63.6	8.5	8	5	-2	R(1) C(0)	3-34	0	0	1WL-C	E	10
LAA	"Skaggs,T*"	50	15	14	31.9	45.9	50.1	0	0	3	30	15	15.4	30.4	23.6	1.8	2	3	9	S(5)	5- 0	0	0	1WL-C	E	10
CHN	"Smith,Joe"	52	22	3	16.7	19.7	34.7	6	8	7	16	10	17.9	27.9	21.5	1.2	2	7	-3	R(1) C(3)	1- 0	8	0	1WR-C	E	10
CIN	"Smith,Jos"	60	8	16	19.8	35.8	35.7	5	6	0	19	10	11.2	21.2	23.1	2.2	3	0	8	S(5) R(3)	4- 0	0	3	3WR-D	E	13
SFN	"Smith,W*"	40	39	12	14.1	26.1	22.6	0.6	0	1	37	16	4.9	20.9	12.4	0.8	1	4	1	R(1)	3-36	0	17	1WR-C	E	10
TBA	"Smyly,D*"	175	35	0	17.9	17.9	37	4.8	8	3	24	7	17.8	24.8	34.4	3.6	6	5	2	S(6)	2- 8	0	12	1WL-C	E	10
TBA	"Snell,B*"	89	27	23	18	41	19	0	0	2	31	18	18.5	36.4	24.6	0	0	2	-1	S(5)	3- 0	4	14	1WL-D	E	10
WAN	"Solis,S*"	41	38	9	11.4	20.5	20.6	0	0*	5	36	21	7.6	28.6	13.4	0	0	5	-2	R(2)	3- 0	0	11	1WR-C	E	10
KCA	"Soria,J"	67	29	9	18.4	27.4	25.2	0	0	0	25	15	24.3	39.3	49.5	5.8	8	0	0	R(1) C(0)	2- 0	18	6	1WR-C	E	10
CIN	"Stephenson,R"	37	16	10	20.9	30.9	46.8	7	8	2	17	19	18.3	37.4	32	2.6	4	0	-2	S(5)	3- 0	10	11	1WR-C	E	10
SEA	"Storen,D"	52	14	12	28.9	40.9	53.3	2.6	4	0	28	0	17.4	17.4	28.1	1.6	2	1	6	R(1) C(2)	4- 0	6	0	1WS-C	E	10
CIN	"Straily,D"	191	21	18	5.6	23.6	15.2	2.2	1	1	23	4	14.9	19	34	3.8	7	1	0	S(6) R(3)	3- 0	2	3	1WR-B	E	12
WAN	"Strasburg,S"	148	47	9	5.4	14.4	13.8	2	4	0	40	6	15.5	21.5	26.7	0.8	1	0	0	S(6)	4-10	0	2	3WR-C	E	12
SFN	"Strickland,H"	61	7	4	22	26	28.7	1.2	3	0	36	7	8.5	15.5	8.9	0	0	0	8	R(1) C(2)	4- 0	0	11	1WR-C	E	10
LAN	"Stripling,R"	100	21	2	13.9	15.9	29.5	1.4	0	7	11	9	22.4	31.4	34.8	1.4	2	7	4	S(5) R(4)	3- 0	0	13	1WR-C	E	10
TOA	"Stroman,M"	204	19	7	21.8	28.8	32.8	1.4	1	9	20	4	20.8	24.8	29.5	0.8	1	10	0	S(6*)	3-28	2	9	1WR-D	E	14
CHN	"Strop,P"	47	38	17	2.2	19.2	8.8	2.2	4*	4	53	4	5.8	9.8	10.1	0.6	0	3	-3	R(1)	3-31	0	20	1WR-C	E	10
SFN	"Suarez,A"	84	5	9	18.2	27.2	35.6	0.2	1	9	16	1	24	25	55.4	4.5	8	9	-4	S(5) R(4)	2-17	0	2	3WR-A	E	10
OAA	"Surkamp,E*"	39	0	15	24.8	39.8	36.7	3.8	8	2	6	13	27.8	40.8	50.8	3.2	7	2	-2	S(5)	3-38	0	4	1WL-C	E	10
NYA	"Swarzak,A"	31	31	12	14.2	26.2	38.6	6	7	4	26	0	15.6	15.6	52.8	10.8	8*	13	2	R(2)	3- 0	0	7	1WR-C	E	10
NYN	"Syndergaard,N"	184	40	8	17	25	26.1	0.8	0	7	42	1	13.4	14.4	17.4	0	0	8	9	S(6)	4-31	2	12	6NL-D	E	10
PIN	"Taillon,J"	104	16	0	22	22	34	1.8	2	12	27	0	15	15	31.2	2.6	5	12	0	S(6)	2-28	7	1	1WR-B	E	10
NYA	"Tanaka,M"	200	20	0	18.6	18.6	31.1	1.8	1	3	22	4	17	21	22.5	1.2	1	3	-1	S(6*)	1- 7	0	8	1WR-D	E	10
BOA	"Tazawa,J"	50	23	8	8.3	16.3	17.8	2.4	5	0	41	3	20.8	23.8	39.8	4.3	7	0	9	R(1)	3-28	0	18	1WR-C	E	10
ATN	"Teheran,J"	188	12	9	12.6	21.6	30.8	3	5	1	36	0	12.1	12.1	18.2	1	2	5	1	S(6)	3- 8	2	8	3WR-A	E	12
PHN	"Thompson,J"	54	4	21	18.8	39.8	33.8	3	5	13	9	13	14.4	27.4	35	3.6	6	9	-4	S(5)	3- 0	0	16	2WR-B	E	10
MLN	"Thornburg,T"	67	66	10	0	10	0	0	0*	0	40	13	3.5	16.5	11.9	2.4	3*	0	-3	R(1) C(3)	3- 0	0	14	1WR-C	E	10
BAA	"Tillman,C"	172	26	13	10.5	23.5	21.9	1.2	1	12	15	10	11.6	21.5	23.9	1.8	2	12	-4	S(6)	3-17	0	11	1WR-C	E	10
TEA	"Tolleson,S"	36	5	6	27.6	33.7	53.8	8.4	8	0	22	0	38.6	38.6	48.2	1.8	3	0	-5	R(1) C(4)	3- 0	0	5	1WR-C	E	10
CLA	"Tomlin,J"	174	11	0	13.9	13.9	32.5	3.8	6*	1	11	0	23.5	23.5	42.8	4.3	8	0	-1	S(6)	2-24	0	4	4WR-B	E	12
MNA	"Tonkin,M"	72	25	14	21.8	35.8	66.3	9	8	3	36	6	18.5	24.5	25.7	1.2	2	3	9	R(2)	3- 0	0	15	1WR-D	E	10
MLN	"Torres,C"	82	21	9	10.3	19.3	13.6	0	0	5	34	10	9.6	19.6	25.1	2.4	3*	5	0	R(2) C(1)	2- 0	5	2	1WR-C	E	12
WAN	"Treinen,B"	67	37	15	8.3	23.3	20.3	2.4	5	6	25	12	12.9	24.9	15.4	0	0	12	-2	R(1) C(0)	2-22	0	3	1WR-C	E	10
OAA	"Triggs,A"	56	31	6	22.4	28.4	35.9	0.6	0	5	26	0	13.8	13.8	23.4	1	2	5	-4	S(5) R(3)	3- 0	0	7	1WR-D	E	10
LAA	"Tropeano,N"	68	28	21	18.6	39.7	37.4	3	5	0	26	6	18.9	24.9	39.2	5.8	8	2	-6	S(5)	2-21	0	12	1WR-C	E	10
BOA	"Uehara,K"	47	51	6	3.9	9.9	11.3	2.4	6	2	54	1	11.2	12.2	32.2	4.3	7*	4	-1	R(1) C(3)	4-31	0	4	1WR-C	E	10
MMN	"Urena,J"	84	0	0	29.7	29.7	49.7	3	6	3	25	12	16.6	28.6	32.7	1.4	2	3	-1	S(6) R(3) C(0)	3-17	0	0	2WR-A	E	13
LAN	"Urias,J*"	77	38	13	12.4	25.5	27.2	4.3	5	3	28	11	23.9	34.9	30.6	0	0	4	-3	S(5) R(3)	2-19	0	8	2WL-A	E	12
SDN	"Vargas,C"	34	31	10	19.1	29.1	25.1	0	0	5	2	13	27.7	40.7	57.9	7.8	8	5	-2	S(5)	3- 0	0	0	1WR-C	E	10
PHN	"Velasquez,V"	131	39	10	16.6	26.6	26.8	3.4	4	2	38	8	15.3	23.3	30.7	2.8	4	6	-3	S(6)	3-22	0	4	3WR-A	E	10
KCA	"Ventura,Y"	186	17	14	16	30	28.4	2.8	6	9	15	11	23.5	34.5	30.5	0.4	1	10	0	S(6)	2-39	2	15	3WR-C	E	10
DEA	"Verlander,J"	228	45	7	5.2	12.2	13.4	2.4	4	0	29	4	11.5	15.5	26.3	2.2	4	0	-3	S(7*)	2- 6	0	6	1WR-C	E	10
NYN	"Verrett,L"	92	17	4	22.5	26.5	49.2	2.2	3*	12	9	22	18.4	40.4	42.2	4	7	8	-3	S(5) R(3)	2-16	4	9	1WR-B	E	10
SDN	"Villanueva,C"	74	20	0	16.9	16.9	51.9	7.5	8	5	13	0	28.4	28.4	51.3	4	6	0	0	R(2) C(0)	4- 0	0	5	1WR-B	E	10
SEA	"Vincent,N"	60	27	3	13	16	23.4	2.2	4	4	39	0	12.6	12.6	31.8	4.2	8	1	-4	R(1) C(2)	2- 0	0	0	1WR-C	E	10
ATN	"Vizcaino,A"	39	43	21	5.8	26.9	5.8	0	0	0	29	19	19.6	38.6	25.6	1.2	1	0	-1	R(1) C(4)	3-38	9	15	1WR-C	E	10
PIN	"Vogelsong,R"	82	10	23	17.4	40.4	37.6	2.8	4	4	17	7	13.2	20.1	31.4	1.4	3	4	1	S(5) R(3)	2-51	0	10	1WR-C	E	13
KCA	"Volquez,E"	189	14	12	24.3	36.3	35.7	1.4	2	4	13	9	25.1	34.1	34.9	1.6	4	4	8	S(6)	4- 8	2	5	1WR-C	E	10
SLN	"Wacha,M"	138	18	4	19.1	23.1	33.2	0.8	1	4	17	7	27.1	34.1	45.6	2.2	3	4	0	S(6) R(3)	2-10	0	9	1WR-D	E	12
SLN	"Wainwright,A"	199	19	7	25.8	32.8	39.9	2	3	11	18	5	21.1	26.1	34.6	1.4	2	11	0	S(6*)	2- 0	0	0	7NR-B	E	12
SEA	"Walker,T"	134	26	5	9.2	14.2	28.3	6	8	5	22	5	21.2	26.2	40	2.6	4	4	9	S(5)	3-11	2	6	1WR-C	E	10
KCA	"Wang,C"	53	13	14	14.9	28.9	30.4	2.8	5	6	0	3	35.7	38.7	43.7	0	0	6	2	R(2)	3-27	0	3	1WR-C	E	10
NYA	"Warren,A"	65	23	5	6.8	11.8	16.4	3.2	6	0	17	13	19.5	32.5	33.2	3	4	0	2	R(2)	3-22	0	10	1WR-B	E	10
PIN	"Watson,T*"	68	31	0	11.4	11.4	25.3	2.2	3	12	21	9	7.8	16.8	22	3.2	7	12	1	R(1) C(4)	2-21	0	0	1WL-C	E	10
LAA	"Weaver,J"	178	6	7	25.9	32.8	42.6	4	6	10	6	5	25.1	30.1	45.9	4.3	8	10	7	S(6)	5- 8	3	0	1WR-C	E	10
SLN	"Weaver,L"	36	22	9	34.5	43.5	53.7	3.8	7	0	40	7	19.6	26.6	35.6	3.8	6	0	-2	S(5) R(3)	2-40	0	5	4WR-D	E	10
ATN	"Weber,R"	36	8	0	31.2	31.2	52	3.2	6	8	9	0	22.8	22.8	48.9	4.5	8	12	-2	S(5) R(4)	4- 0	0	5	1WR-C	E	10
SEA	"Wilhelmsen,T"	46	13	17	22.6	39.7	43.6	3.2	5	12	2	9	29.4	38.4	56.4	5.8	8	12	0	R(1) C(0)	3- 0	0	0	1WR-C	E	10
DEA	"Wilson,A"	73	10	7	16.4	23.4	34.3	0.4	0	9	17	2	21.4	23.4	30.1	0.6	0	9	-5	R(2)	4- 0	0	6	1WR-C	E	10
DEA	"Wilson,J*"	59	28	1	31.4	32.3	40.7	1.2	2	6	36	7	13.1	20.1	21.3	1.2	2	7	3	R(1) C(0)	4- 0	0	15	1WL-C	E	10
BAA	"Wilson,T"	94	8	3	26	29	40.4	1.2	1	6	4	4	24.5	28.5	45.3	3.6	7	6	3	S(6) R(3)	3-46	0	4	1WR-C	E	10
ATN	"Wisler,M"	157	9	14	15.8	29.8	27	2.2	4	6	19	0	20.6	20.6	37.7	4.3	7	4	3	S(6) R(3) C(0)	3- 0	2	6	2WR-C	E	14
ATN	"Withrow,C"	38	21	19	3.8	22.8	4.1	0.1	0	1	13	12	10.3	22.3	21.7	3.8	7	1	9	R(1)	3-38	0	5	1WR-C	E	10
MMN	"Wittgren,N"	52	17	0	18.7	18.7	21.1	0.8	1	0	24	0	22.9	22.9	36.8	3	6	0	-3	R(2)	3- 0	0	4	1WR-C	E	10
LAN	"Wood,A*"	60	27	17	20.8	37.8	32.6	0.6	1	3	35	5	15.6	20.6	18.6	1	0	3	-5	S(5) R(3)	3- 0	0	15	3WR-C	E	12
CIN	"Wood,B"	77	31	14	10.1	24.1	24.5	2.8	2	5	30	15	22.2	37.2	33.2	1	1	4	5	R(2) C(0)	5- 0	0	20	1WR-C	E	10
CHN	"Wood,T*"	61	15	12	5	17	13	1	1*	1	16	9	13.9	22.9	34.1	3.2	6*	1	-3	R(1)	3- 0	0	0	2WR-C	E	14
BAA	"Worley,V"	87	14	18	17.5	35.5	26.6	1.8	2	12	8	8	18.3	26.3	27.9	1.8	3	12	-1	S(5) R(3) C(0)	3- 0	0	7	1WR-C	E	10
LAA	"Wright,D"	40	5	0	44.3	44.3	60.3	3	5	10	2	3	34.5	37.5	56.3	3	5	10	1	S(5) R(3)	4- 0	0	10	1WR-B	E	10
BAA	"Wright,M"	75	12	8	31.5	39.5	54.2	3.6	5	8	10	11	15.6	26.5	32	2	3	9	-4	S(5) R(3)	3-19	0	5	1WR-C	E	10
BOA	"Wright,S"	157	17	9	9.3	18.3	13.1	0.6	2	9	21	11	18.1	29.1	22.4	0	0	9	1	S(6)	2-28	0	14	1WR-C	E	13
NYA	"Yates,K"	41	46	9	10.5	19.5	10.5	0	0	0	30	16	23	39.1	35.5	2.2	2	0	9	R(1)	3-35	0	4	1WL-C	E	10
CHA	"Ynoa,M"	30	26	20	8.9	28.9	17.6	0	0*	0	32	15	0	15	0	0	0*	0	-1	R(2)	2-48	0	20	1WR-C	E	10
KCA	"Young,C"	89	13	21	30.5	51.5	77.7	13.8	8	0	35	8	17	25	34.4	5	8	0	9	S(5) R(3) C(0)	2-16	0	6	1WR-C	E	10
BOA	"Ziegler,B"	68	7	8	21.8	29.8	24.4	0	0	12	31	6	18.4	24.4	24.3	0	0	13	-1	R(1) C(4)	3-21	0	2	1WR-C	E	10
DEA	"Zimmermann,J"	105	12	2	19.3	21.3	38	2.4	4	7	7	6	29	35	48.5	1.6	3	7	1	S(6)	2-27	0	6	2WR-C	E	13
